-4.042930793164203784e+00
-3.876822361350059420e+00
-1.306706206161923944e+01
-4.995843521649375951e+00
-3.246901771672864978e+00
-6.263556804010901757e+00
-8.451941544777980653e+00
-5.465659727035506066e+00
-5.753175229985777683e+00
-4.798073852112582749e+00
-7.763757153560163715e+00
-4.105054852030925794e+00
-6.381201114550879794e+00
-6.263556804010901757e+00
-4.772762452762004060e+00
-5.896173583106733673e+00
-5.976152239539255895e+00
-1.306706206161923944e+01
-5.370394980092777715e+00
-5.976152239539255895e+00
-5.753175229985777683e+00
-6.850455960534374888e+00
-6.514554174584649360e+00
-5.688678348622524972e+00
-7.073100634312670110e+00
-3.498977317746303939e+00
-7.763757153560163715e+00
-5.129330286359130575e+00
-4.510455867846166811e+00
-4.302852554477236247e+00
-5.570964716443283393e+00
-7.763757153560163715e+00
-1.306706206161923944e+01
-6.668467127084031887e+00
-5.896173583106733673e+00
-4.850703729233083017e+00
-5.094251277497835240e+00
-8.451941544777980653e+00
-4.906258140664573553e+00
-6.263556804010901757e+00
-6.514554174584649360e+00
-6.381201114550879794e+00
-6.381201114550879794e+00
-6.158307282304019026e+00
-4.079740248769115674e+00
-5.242616130741620140e+00
-4.117956592079988987e+00
-5.822120515282231956e+00
-4.906258140664573553e+00
-3.392924782306842246e+00
-7.073100634312670110e+00
-6.850455960534374888e+00
-4.171295457563153342e+00
-7.073100634312670110e+00
-5.688678348622524972e+00
-5.465659727035506066e+00
-6.263556804010901757e+00
-6.850455960534374888e+00
-4.748075936227180271e+00
-5.165684707826623701e+00
-3.918490716040688326e+00
-5.976152239539255895e+00
-5.896173583106733673e+00
-7.073100634312670110e+00
-8.451941544777980653e+00
-8.451941544777980653e+00
-5.516926719130809786e+00
-5.976152239539255895e+00
-4.772762452762004060e+00
-6.263556804010901757e+00
-5.416893360774238886e+00
-1.306706206161923944e+01
-7.073100634312670110e+00
-5.242616130741620140e+00
-6.514554174584649360e+00
-8.451941544777980653e+00
-6.263556804010901757e+00
-6.514554174584649360e+00
-6.158307282304019026e+00
-5.896173583106733673e+00
-6.263556804010901757e+00
-7.763757153560163715e+00
-1.306706206161923944e+01
-4.965081329766046103e+00
-5.688678348622524972e+00
-5.129330286359130575e+00
-7.763757153560163715e+00
-4.105054852030925794e+00
-6.263556804010901757e+00
-6.158307282304019026e+00
-6.514554174584649360e+00
-6.850455960534374888e+00
-7.359951796870363161e+00
-6.063087924896559677e+00
-5.325962971583873440e+00
-5.753175229985777683e+00
-4.418665184587657890e+00
-4.302852554477236247e+00
-7.073100634312670110e+00
-6.668467127084031887e+00
-6.668467127084031887e+00
-5.570964716443283393e+00
-4.798073852112582749e+00
-5.822120515282231956e+00
-6.158307282304019026e+00
-5.283421465397986516e+00
-4.384184954562070580e+00
-5.416893360774238886e+00
-4.144270437649603345e+00
-1.306706206161923944e+01
-7.763757153560163715e+00
-7.073100634312670110e+00
-4.510455867846166811e+00
-4.965081329766046103e+00
-5.976152239539255895e+00
-6.514554174584649360e+00
-5.628090469223377745e+00
-6.158307282304019026e+00
-3.984441431245427712e+00
-1.306706206161923944e+01
-7.763757153560163715e+00
-4.042930793164203784e+00
-5.570964716443283393e+00
-6.850455960534374888e+00
-7.073100634312670110e+00
-4.723984190449857401e+00
-4.906258140664573553e+00
-5.416893360774238886e+00
-4.906258140664573553e+00
-5.976152239539255895e+00
-8.451941544777980653e+00
-5.370394980092777715e+00
-6.514554174584649360e+00
-6.381201114550879794e+00
-7.073100634312670110e+00
-1.306706206161923944e+01
-5.165684707826623701e+00
-7.359951796870363161e+00
-5.688678348622524972e+00
-4.965081329766046103e+00
-8.451941544777980653e+00
-5.822120515282231956e+00
-1.306706206161923944e+01
-8.451941544777980653e+00
-5.896173583106733673e+00
-6.668467127084031887e+00
-1.306706206161923944e+01
-4.850703729233083017e+00
-4.019122979001880758e+00
-4.055050684582828247e+00
-6.263556804010901757e+00
-7.073100634312670110e+00
-5.976152239539255895e+00
-6.263556804010901757e+00
-8.451941544777980653e+00
-6.158307282304019026e+00
-8.451941544777980653e+00
-1.306706206161923944e+01
-8.451941544777980653e+00
-5.688678348622524972e+00
-7.073100634312670110e+00
-6.063087924896559677e+00
-3.657788867043905157e+00
-3.779668060200765289e+00
-5.896173583106733673e+00
-4.549668890200335269e+00
-7.359951796870363161e+00
-6.668467127084031887e+00
-1.306706206161923944e+01
-6.158307282304019026e+00
-5.896173583106733673e+00
-3.225396722726454168e+00
-4.878095197970363728e+00
-5.753175229985777683e+00
-3.973143152660307820e+00
-1.306706206161923944e+01
-4.824042592629990800e+00
-5.203410796170587993e+00
-5.628090469223377745e+00
-5.465659727035506066e+00
-7.763757153560163715e+00
-6.063087924896559677e+00
-6.850455960534374888e+00
-8.451941544777980653e+00
-6.850455960534374888e+00
-4.529870183696313113e+00
-5.688678348622524972e+00
-6.063087924896559677e+00
-6.063087924896559677e+00
-8.451941544777980653e+00
-7.073100634312670110e+00
-5.516926719130809786e+00
-4.850703729233083017e+00
-8.451941544777980653e+00
-7.073100634312670110e+00
-6.514554174584649360e+00
-4.350854090467386470e+00
-4.418665184587657890e+00
-7.073100634312670110e+00
-6.514554174584649360e+00
