9.853903800266452725e-03
1.264103627950087690e-02
8.344966682312996570e-03
4.442431901667551544e-03
4.115597785777885126e-02
3.433940155845177384e-03
5.729780112412230855e-03
7.936448027582070769e-03
3.453237016633783820e-03
6.776642859873985639e-03
5.142913018565822315e-03
9.779507345551184672e-03
1.666639158804838344e-03
2.857405616837160704e-03
4.416079326843331751e-03
2.064199177416818284e-03
2.702279852138106744e-03
7.095915094813723227e-04
2.753508674690651001e-03
3.229764613714086480e-03
1.777929397691758789e-03
1.495968124150635816e-03
5.540304290008618918e-03
1.652294088126793738e-03
6.006622480256188640e-03
1.448351895822574779e-02
9.437764068980991020e-04
6.971449444402641644e-03
3.795340722522704338e-03
1.125590835116096165e-02
7.511805211236592325e-03
1.186672831747508918e-03
2.557175146004450790e-03
1.072449083281474006e-03
2.066747114012356702e-03
1.224749494695601126e-02
3.928883349602858149e-03
1.989374328713205443e-03
1.074477268412149696e-02
5.052518849645902012e-03
9.478030507944872063e-04
2.321577506958051942e-03
5.291517395322786581e-03
1.883074139448167629e-03
1.813468720970157211e-02
1.968591052422927982e-03
1.532925018282670082e-02
1.069665843148391842e-03
3.930663000350036011e-03
2.019209949625575679e-02
3.743128573751263160e-03
3.544051629716740877e-03
1.171210505510163549e-02
3.712599611946761080e-03
3.400492860483995440e-03
1.887143017852465146e-03
5.709006036077720649e-03
1.240593290709405020e-03
6.878427330433749265e-03
5.728545372713719080e-03
7.658242717998866959e-03
2.204723115941027191e-03
1.875265331542255763e-03
1.928989959775314006e-03
1.162445680454929830e-03
7.840142940187684248e-03
2.965976265465612109e-03
2.170135062037632095e-03
8.852203737647791268e-03
2.470820709953022026e-03
7.905159243244093414e-03
2.536541195834085723e-03
2.486974075034471127e-03
6.684725677395036633e-03
3.638605086245963547e-03
7.614040460375453775e-03
3.492917424070459201e-03
2.529865073937228800e-03
4.398348909503651052e-03
1.318877359188841414e-03
2.820387108265530809e-03
1.337139776317705295e-02
1.278377888183246163e-03
6.736210834351618465e-03
4.000249745920250906e-03
7.130968363036107802e-03
4.219592552694958684e-03
1.333225370858934569e-02
3.345812236756515960e-03
1.938530077643572068e-03
2.315141701565384506e-03
1.645327866632492362e-03
6.109377757264499408e-03
3.686174064438593311e-03
6.382420991597668319e-03
8.588812089947276546e-03
1.300184296208856463e-02
6.544097046852387876e-03
2.168001864141559654e-03
2.053365695934111692e-03
1.761616237965969115e-03
2.729384426870218490e-03
7.093482126033651310e-03
1.865071786251009658e-03
1.505996198141004152e-03
4.485170560558038484e-03
1.552646382211524817e-02
2.904326566624923674e-03
1.318281012249590718e-02
1.999010530735151857e-03
3.036918631908235369e-04
2.800530886734241016e-03
5.269102339709941067e-03
6.205155841146456699e-03
2.536710495654999429e-03
1.848713289122164887e-03
1.281203726474486543e-03
1.485851329975258544e-03
1.371043742583835830e-02
8.898477271694510762e-03
1.696312791327873838e-03
1.221080012486295586e-02
2.161365153732996546e-03
5.833460756296127018e-04
2.044567932130580360e-03
6.306607027305573265e-03
7.491621843610150877e-03
2.200134300363293122e-03
4.283824030511526777e-03
3.048857118267547534e-03
8.206925414324876822e-03
2.881546883409191739e-03
1.866496144359039086e-03
1.808166993702711202e-03
1.987898124673081416e-03
8.318553795789811883e-03
2.117265692209515087e-03
1.977946529957042617e-03
2.367944587298828358e-03
7.246178125796283800e-03
7.863643469510035256e-04
3.008040072512157322e-03
5.420135243968977369e-03
1.881628136360365480e-03
3.837224497563578637e-03
2.296569019632131031e-03
4.744030858572360551e-03
3.326048927558725860e-03
1.170944747610942575e-02
9.954406448236035806e-03
1.830675527712556086e-03
1.648312222354247512e-03
2.133308844671910533e-03
7.449600214658622273e-03
5.878462498297983702e-03
2.894401804699790314e-03
7.861232606423560138e-04
2.948026737591743184e-03
1.991709849446919849e-03
2.411981858395429931e-03
2.216688610154355071e-03
1.898677401086109945e-03
1.385651165806616250e-02
1.111480629026171014e-02
3.042473246771856821e-03
9.478558003215386066e-03
2.460104032068277571e-03
1.008897309435836682e-03
5.103189568613423870e-03
1.597265354336338322e-03
1.832487507020750302e-03
2.060694950721170260e-02
7.880073160040754546e-03
4.309855321352718330e-03
2.126085568712645507e-02
2.265919493153153649e-03
8.028646011777022459e-03
4.522370729353583987e-03
5.300772756775204604e-03
1.693675355387187515e-03
2.598813874220986132e-03
1.433460143336428129e-03
1.073289584321408374e-03
2.213301446868846598e-03
1.237165793462312270e-03
7.001588740051216050e-03
3.484621252437832169e-03
3.097732108762824878e-03
1.197685254917330282e-03
1.553082928468881106e-03
3.893951450647790448e-03
3.893868840623654435e-03
8.275578509307327663e-03
1.423927283173128788e-03
1.187280331077383367e-03
2.137461798823246922e-03
6.440935607654767713e-03
7.294995477501709479e-03
1.236096914550725845e-03
2.310699476435979036e-03
