4.219862500853045484e-01 -5.586508224044745008e-01 1.929231694925459817e-01 -2.355537554827197844e-01 5.873455769643839627e-03 3.032817001907506856e-03 -1.887029538949925589e-01 2.452406781083926457e-01 -4.399863815665527311e-01 5.361642672791951947e-01
-5.648777572011391968e-01 7.944423780114599765e-02 -2.417013358243753351e-01 3.416045171288913801e-02 -4.054093224492637954e-03 -2.073474755322198351e-04 2.598150258564704274e-01 -3.667905850009042790e-02 5.402316256204061640e-01 -7.463991632254540765e-02
1.266393828022026324e-01 5.436772857700408190e-01 4.348006006703377530e-02 2.400666846342053018e-01 -3.432933378631261318e-03 7.527818015313236279e-04 -5.283769230916524062e-02 -2.376096541277508412e-01 -1.044159722145788644e-01 -5.492297277852590254e-01
-3.768311169189523246e-01 -6.227177777701835559e-01 -1.742872694028065328e-01 -2.198532637419356450e-01 -2.201622717842941640e-02 1.251370167603331127e-02 2.019695817889647360e-01 3.773629768770080384e-01 3.677328043168136551e-01 3.337783208337366525e-01
-5.034498942557907690e-03 -5.458233020139884317e-01 8.249034480726821772e-03 -2.384142498550454181e-01 3.634484065003683751e-03 3.366648986026173863e-06 -1.216372179214839436e-03 2.386801915530205875e-01 -1.407366714568551204e-02 5.453477380506817074e-01
3.689638688090128293e-01 -4.491375130128717474e-01 -3.065407213547186038e-02 2.316607560223852159e-03 -5.931364759330260972e-01 2.431614596992110189e-01 1.026443320373078144e-01 3.497020834469569822e-02 5.991426419708912876e-01 -6.864817257481634072e-02
-1.395257983722007211e-01 5.817843783539264901e-01 -9.078424742683702253e-02 2.417049795628924969e-01 -2.079872614348396431e-02 -2.724627524271961646e-03 4.436720957624284978e-02 -2.759874152395405122e-01 2.566676446340170337e-01 -5.172507866588045289e-01
-5.376591130814698527e-01 -2.322387993326007483e-01 -2.391557838842668926e-01 -8.665152455451498315e-02 -7.548198752488522768e-03 1.936001267918445110e-02 2.360943728244306039e-01 1.173060601997106961e-01 5.565603646043983943e-01 1.434506607362762698e-01
3.760774246423727058e-03 -6.569103653039976010e-01 1.334537662063482386e-02 -2.444863636901356829e-01 1.979436047219420083e-02 1.584079743856289524e-01 -5.885225923679804350e-02 3.965526010631508225e-01 4.192863892079454896e-02 8.552171423437103515e-02
-6.659136143348383108e-01 3.082820803530963993e-01 -2.264456760349960462e-01 2.142328134203738965e-01 4.407600901267928056e-02 5.889732226312668212e-02 3.795730399200864524e-01 -1.421049875428025133e-01 3.171974563739066166e-01 -5.405886627263676303e-01
5.497171060791834485e-01 3.219810938368261044e-01 2.356082633577364915e-01 1.447485148470651350e-01 -1.215346218798965018e-03 3.716786125031343920e-03 -2.357816482928781765e-01 -1.430322950647404945e-01 -5.473405002366358296e-01 -3.311904216258973466e-01
-2.840011397746915467e-01 -5.360868130256891684e-01 -9.106642755512078802e-02 -2.443680876784233014e-01 1.621406623180315226e-02 -7.063877496401746621e-03 1.298994654031308538e-01 2.375777288643181051e-01 1.900536361412797359e-01 5.598503002220110991e-01
-7.876381370450032948e-01 -2.377744134084546282e-02 3.829398133645091629e-01 -4.872944718655479179e-01 3.695111107463038280e-01 -6.511155736611094758e-02 -6.887186922175115855e-01 5.523693056531184808e-01 6.551785701745120871e-01 2.717096857331201265e-02
-1.567252152375957497e-01 -4.429135581091868112e-01 -4.019249761318502423e-01 4.567377126964833334e-01 -7.132675429735566008e-02 1.265449637805212135e-01 4.396758938387500537e-01 -5.236915393538803531e-01 2.217001901390396323e-01 3.285522397171792286e-01
3.290860156631515987e-01 -6.921556771641543815e-01 1.542011144122593380e-01 -2.248666507972496842e-01 -1.787961449777141221e-01 1.680514913401529586e-01 -3.654081196708307000e-01 4.092540975319429730e-01 3.756039550957510631e-01 5.475735422102461641e-02
-3.773790570727984101e-02 -5.135415496284262415e-01 -7.608877786689356715e-02 1.730336901722032139e-01 -1.212266026436053523e-01 5.641823932232193917e-01 5.516094272334969711e-02 -1.570887044444621572e-01 2.999183259759745646e-01 -5.591367106840315904e-01
-6.973119448486032601e-01 -1.549737875501354389e-01 -9.694213355489375572e-02 -3.064598125114411653e-01 4.048871615533248258e-01 -2.826237208700978498e-01 2.297242621549039354e-01 3.528411345140386457e-01 -2.742226241498699757e-01 5.876560552478703459e-01
-2.531921211358432178e-01 -2.869930902656671612e-01 3.197721300957873103e-01 -5.930978930660987247e-01 1.188661474986911631e-01 7.052911558097625377e-01 -6.948021056356663838e-02 -1.500721823875882377e-01 -4.221487586446166507e-01 3.206526831422396029e-01
-4.726746456298064336e-01 -1.201172308726103227e-01 3.758002134719210519e-01 -3.246392711366474226e-01 3.800907402610871899e-01 -1.294734067312214021e-01 -1.684698496976801685e-01 2.415449978831472055e-01 -5.963014219210737155e-01 5.071934659328602990e-01
-6.883910807951825195e-01 1.195756991281907711e-01 -2.610615305314621382e-01 -4.936347630428164490e-02 1.043208582134984297e-01 -1.793717758595860801e-01 4.776199087505968444e-01 -7.801073694203473907e-02 1.125819815033498039e-01 4.341089384500677606e-01
-2.752772074055099272e-01 -1.097385686699000606e-01 1.807171276664021053e-01 -5.904911966659934786e-01 1.133896553094884269e-01 1.889342081427475006e-01 -2.437588184676356753e-02 6.075922357895841008e-01 -2.215248260356197929e-01 -2.748913140404319333e-01
-3.824866979663819611e-01 -3.399545532384295465e-01 5.868994189105877224e-01 -3.718396614136668110e-01 -5.509562316882116173e-01 3.369795785407087574e-01 -1.976216478829471990e-01 2.457394146326279949e-01 7.011489153981672606e-01 -5.707393776656405349e-02
1.137660743910218902e-01 -6.555654985841077309e-01 1.380183907283924483e-01 -2.437002696122166912e-01 6.218627587938619500e-02 1.328679036987546851e-02 -3.494250237859233832e-02 3.768322452202140793e-01 -4.100589529692381663e-01 3.947653583729525129e-01
4.552623161220729076e-01 -7.124155592904070078e-01 -6.088079771327608025e-01 2.409740729159469408e-01 6.278311255686435111e-01 -4.412574017895630196e-01 -5.586888978414442652e-01 6.593676493604613276e-01 4.943997016505154996e-01 -1.001380592390048868e-01
-4.380802689405688399e-01 4.992430356231429278e-01 -1.322428311086944475e-01 2.637981119248991591e-01 4.009618539241747298e-02 2.400373236089922008e-02 2.008081980186401660e-01 -2.341241074775815278e-01 2.458591737269591737e-01 -5.941761593469701008e-01
-5.598566811119116693e-01 1.536949678691005572e-01 -2.367436588968689082e-01 9.281352637174022924e-02 3.815221895929139188e-03 1.484995602103463506e-02 2.468279981465490158e-01 -7.167962766246026296e-02 5.353138475094310067e-01 -2.173938001075454429e-01
-2.967543248811480572e-01 -5.765361259590923160e-01 -3.593246155968632394e-01 7.462119272734312192e-01 -1.440470943858302988e-01 -5.192102090197032727e-01 7.751389354934858922e-01 -1.577283992869015772e-01 -1.876302741742686964e-01 4.768624996735819077e-01
4.795810054185339205e-02 -6.644939291563739525e-01 4.116406535952343848e-02 -2.105961155138453278e-01 9.410099784033449169e-03 5.011372674389810017e-02 -3.829260322770948466e-02 5.320990862397582122e-01 -7.083819121677813191e-02 -3.510815455460495737e-03
-3.922816967302210078e-01 -1.265011861348020183e-01 3.219772939855437000e-01 -4.387265850967596026e-01 9.752539244724571510e-02 -1.435000862671114708e-01 -6.183279216912104803e-02 2.676046480121790916e-01 -2.598993658831547648e-01 7.029544939308797202e-01
1.062831550531714991e-01 -5.620672973159108743e-01 8.565307549943347587e-02 -2.388611091957007770e-01 1.692126397934367102e-02 3.550278571862569479e-03 -5.094772830441523376e-02 2.509302562355366639e-01 -1.991261063724826252e-01 5.340637527513921734e-01
4.706025438602800537e-01 -5.344678176076773646e-01 2.861010953981519278e-01 -1.501917244152977948e-01 3.785420776071059257e-02 4.773160208971009844e-02 -2.374285602939296136e-01 2.486172933486076320e-01 -6.231815138856344749e-01 2.769738213865102772e-01
-3.778450604882989117e-01 -1.997952194599570130e-01 -2.976179580926008872e-01 4.700484264239909171e-01 -1.232553902398339368e-01 -3.519982203543026156e-02 2.539616741224945407e-01 -1.899210092381021786e-01 6.824790576876518244e-01 -2.366096061189200128e-01
8.437921932658076773e-02 5.644573285086057490e-01 3.488493541385374180e-02 4.963175636255554024e-02 8.452098151876138998e-02 -5.439575447536610930e-01 -2.295382991527031638e-02 -5.717569881740622306e-02 -2.615903152715719493e-01 4.514514018380452742e-01
4.018417269304886408e-01 -6.621301814328768298e-01 -4.879415878284756314e-01 2.639803782087949968e-01 -2.354303682666014086e-01 3.822945334615254070e-02 7.741144280759320040e-01 -2.009001074707074674e-01 -4.819309307501549178e-01 4.764884996095380965e-01
-1.402661653294535182e-01 -4.941283761118991369e-01 -2.237906117134588202e-01 4.645142785932462326e-01 -1.764270048735510354e-01 3.445050192146187351e-01 8.700309975177070165e-02 -3.586643072677693778e-01 7.122244220515461244e-01 -3.322796719172358415e-01
-5.213703041872673749e-01 3.853103281725117069e-01 -2.504597080948895993e-01 1.267637232084733723e-01 -1.456543595472930587e-02 -2.064657113323377369e-02 2.333462337201183678e-01 -1.841112347286256723e-01 5.764876970737520256e-01 -2.501040590747041215e-01
-6.294151307975465182e-01 9.114228846926824071e-03 6.020806604514971488e-02 -2.582384791424363057e-01 5.791221670514337116e-01 -2.731299521143296660e-01 -3.556447975157063512e-02 2.674296261353810156e-01 -4.813332045319393959e-01 4.772668400874526262e-01
-2.312531010068483162e-01 -7.219142185900970787e-01 -3.054365428781223857e-01 -1.679629855793104143e-01 -2.478113432666642080e-01 2.906716449818284032e-01 2.807363307834073174e-01 2.599561903832860454e-01 7.303398112283489008e-01 2.312445095611847731e-02
-5.585716829470884770e-01 -3.439136749225694678e-01 -2.271298877790577098e-01 -1.791272983467018243e-01 2.002092514632727513e-03 -6.569752750048672360e-03 2.359375549245257830e-01 1.775802956249962761e-01 5.397594228701739771e-01 3.584105745450209546e-01
-4.453577400187031521e-01 -1.332245170242194465e-01 -3.523319407364539080e-01 -4.337814653026995232e-02 -1.984798962065031577e-02 3.303358174263047731e-02 2.773748954167560843e-01 8.662362599651021733e-02 6.145499553989023367e-01 -3.023378519801277718e-03
-9.129557997458254137e-02 -4.895970200681148965e-01 -2.724199366731412941e-01 6.761799671945254442e-01 1.273132696056299834e-02 -5.681829362922049542e-01 2.792907307205995115e-01 -2.039391881712335486e-01 5.517809816290066699e-02 6.925465303450365484e-01
-6.593839944704370515e-01 2.968900308479275815e-02 -2.109493773921071735e-01 -7.195955916464938373e-02 3.611290823709705777e-01 -2.702637747656200240e-01 3.409695017174395049e-01 1.204840204905993084e-01 -2.387413000487810522e-01 3.805210855174651075e-01
-5.928932274518291523e-01 -1.154324281427011739e-01 -2.497451011538914523e-01 -3.680260852402186117e-02 -9.261241386221001279e-03 3.125958946965924634e-02 3.137197695765138739e-01 8.772317595165078641e-02 4.957198521264742919e-01 -3.292772240664885997e-02
-3.704204585200174260e-01 1.505126113001439836e-01 -4.113550962992333915e-01 1.137291474411777220e-01 2.364099352644530652e-02 -5.023924601992998777e-03 2.407301295189606949e-01 -8.238204416865367585e-02 6.287743730492518779e-01 -1.971891213121960418e-01
-1.073332515516510141e-02 -5.520248463848799192e-01 1.847325441360423565e-02 -2.428552256022573075e-01 6.116374427240446957e-03 -8.846647164628902759e-04 2.582139736287254045e-03 2.467860681200412798e-01 -3.830156717030665237e-02 5.466080316234482872e-01
2.468407889396611321e-01 -6.157756616315769316e-01 -1.826998690255372260e-01 -4.075063476208621444e-02 -1.859081218612500253e-02 -9.304804952403702978e-02 1.681665756098325304e-01 1.414838834970771064e-01 -1.864439627588250770e-01 6.064611947141694825e-01
-5.480319427515800701e-01 2.757849654205385415e-01 -2.343166203529144787e-01 1.266909285418591491e-01 -4.223698886408686483e-04 1.430603117233968970e-03 2.348652968686561204e-01 -1.373713611633907428e-01 5.478047295148911200e-01 -2.598358052919593764e-01
3.951289655928563183e-01 -7.866627555378646885e-01 -3.870810354485396676e-01 1.399587744252569765e-01 2.696095431009232768e-01 -2.089640297199019392e-01 -2.065257213373114520e-01 3.498104458740109446e-01 1.800694698942978678e-01 2.868857682444135859e-01
2.060444742715328015e-01 -6.522368171012618010e-01 6.811443701612129864e-02 -1.880205120989695000e-01 -3.806348773875649627e-01 4.313294706474088414e-01 -7.209505897305844291e-02 2.063236821779518837e-01 5.036043966093505242e-01 -1.764625121994848889e-01
-5.463911827099774410e-01 4.015455316315170997e-02 -2.388024926239213641e-01 1.369218390541823704e-02 -3.945253639174558027e-04 -1.710216195875664293e-03 2.393450279009474990e-01 -1.790839163816947827e-02 5.461531203960232617e-01 -2.962059144102428127e-02
1.923374562593112014e-01 1.620843532857363656e-01 -2.549820770142123549e-02 -8.598472928999718531e-03 -9.954395113363086189e-02 -1.197706276075241327e-01 -6.802403128951628464e-02 -1.623963650581480497e-02 1.506984771077592156e-01 9.806375686826664106e-02
-3.812672422390147031e-01 -2.670316136181606903e-01 9.206713407300658181e-02 -4.685672106162697692e-01 5.008176602300452862e-02 -2.080893522228494802e-02 6.131848343380211230e-02 2.562106274370156700e-01 1.393473248471633480e-02 6.864001728696802473e-01
-5.516691327388941746e-01 6.759864010929224343e-02 -2.388413748326607688e-01 3.238681679048757006e-02 -9.568541774159920917e-04 1.189458676064218071e-03 2.436026841935519105e-01 -4.263274518127273954e-02 5.452259342002888642e-01 -5.257571387013922071e-02
2.916327908562010851e-02 -6.230612076431188973e-01 4.505124560868059569e-02 -2.110792690947257411e-01 2.663015663071540556e-02 3.243600070311853933e-01 -4.554174599491345871e-02 3.847681990552039299e-01 -7.752717795189910388e-02 -2.879159434695169328e-01
8.068338957287955748e-02 -1.868137642643905583e-01 -4.791458588862497203e-01 2.121606833073392540e-01 -1.738009248306244814e-01 9.634160137426586723e-02 2.433913545641570864e-01 -9.670635134139760059e-02 6.565941970655159166e-01 -1.964830775853232681e-01
3.200586944352784013e-01 -6.321136548279121525e-01 1.479079181505036644e-01 -1.989872452177516293e-01 -1.393315290853411603e-01 2.844900652481548997e-01 -2.746195829419175172e-01 4.151668827027409359e-01 1.642285833952271956e-01 -2.796678414696724402e-01
5.428130045666398340e-01 -2.536918315794749468e-01 2.383101041099083550e-01 -9.625948813781196045e-02 3.730022120298280824e-03 1.078524514683937112e-02 -2.361804075463309061e-01 1.080857250868511171e-01 -5.528295988856231080e-01 2.150793382918143315e-01
-4.653595518531559727e-01 -2.040467143789154447e-01 5.510897704177781797e-01 -3.209914588123980450e-01 -7.574019527924619188e-01 4.562775240842251168e-01 5.558543026466680192e-01 9.412777381662520981e-02 -1.310842415597933963e-01 -2.355541832668950342e-01
-2.041866767942227823e-01 -5.764683572796359678e-01 -1.141963055327740728e-01 -2.400970603565896200e-01 -1.891625766870113495e-02 3.437332184956057388e-03 8.280318081545658127e-02 2.691262123160280129e-01 2.916839175711529730e-01 5.201746221616877497e-01
-4.845575991153274198e-01 -1.334898840196064307e-01 2.043590363379110819e-01 -4.482143680654191997e-01 2.744334070743292275e-01 -1.460562166484839774e-01 -4.466513626277142379e-02 2.877411965507204461e-01 -3.001525025479925279e-01 6.857351729131070384e-01
-1.906129496961844194e-01 -3.795130559122834590e-01 8.686245345858933931e-03 -1.232337275387275638e-01 -3.543474965633187229e-02 -7.762316582028448882e-03 9.163290597354649403e-02 1.979444699476645420e-01 7.424708162840688852e-02 2.577976625534765254e-01
-3.080551001694114555e-01 -2.318887924206696760e-01 1.753432361751708080e-01 -5.031608061563541678e-01 4.103218703376016602e-02 -8.677350292425764500e-02 1.061106512881068165e-01 5.027960022342949920e-01 -2.779060031101256989e-01 3.941156504731312404e-01
-6.163715352002199221e-01 1.082315570024904028e-01 -1.763108295541572779e-01 9.520243053612129080e-02 4.423860561879452979e-01 8.069440043118415729e-02 2.225520945007878892e-01 -5.018154176226469199e-02 -2.757350268055012710e-01 -3.356004440482178164e-01
-4.945015348560135027e-01 -3.301912599283821081e-01 5.279988206291922337e-01 -5.390499210592362145e-01 4.418454718674267451e-02 9.035395412874618060e-02 -5.719479795681112755e-01 5.138820522301137395e-01 4.919473920028326619e-01 2.091336574652407077e-01
3.246343590509092047e-01 -3.245630597442731857e-01 -2.655153415777785075e-01 8.699013180911766008e-02 -4.494623029134637293e-01 1.669494554757658122e-01 2.118260430730798949e-01 -2.891902594674167909e-02 6.058203442191584243e-01 -8.993565709713285949e-02
5.847648464535386559e-01 3.740756214729517026e-01 2.239753824407375582e-01 2.122199881801360988e-01 -2.043596711141332928e-02 2.998734872823745692e-02 -2.575856969408645836e-01 -1.876062710525526478e-01 -4.913398265429083089e-01 -4.689746665437586337e-01
1.112903698375154599e-01 -4.975259513855160853e-01 -1.518534768529463397e-01 1.155733512794281277e-02 1.642262037865528657e-01 -2.980559688709406019e-01 -2.065126559656950411e-02 2.420406353813522871e-01 -1.045912688884858277e-01 5.933748999624445242e-01
-5.939928230578802593e-01 3.702877462327155977e-02 -1.506163770022394266e-01 -6.032294143599163661e-02 5.114383722781280506e-01 -1.777983125284883226e-01 1.876969319400650094e-01 8.453312714026538222e-02 -4.085757798960851783e-01 2.454348505809786363e-01
5.240160659759950379e-01 -5.304169093778692279e-01 2.432460162362140021e-01 -2.135606109297435440e-01 7.887734851472198716e-03 5.256212660545977848e-03 -2.314416719546499301e-01 2.394108513174214581e-01 -5.589602014272123665e-01 4.754270612946601138e-01
5.520966862829911337e-01 -5.083239953623078788e-01 2.049551778086417531e-01 -1.350809343933154771e-01 -4.527533062157918509e-01 2.198728615857357682e-01 -3.108558482151199120e-01 2.072233335654149189e-01 4.657726370988419240e-01 -2.311287725626071099e-02
5.195213596925867261e-01 -3.742918646609467714e-01 2.526367307107127980e-01 -1.184187508290997226e-01 1.381131759794279427e-02 2.120481670723604883e-02 -2.351597428055388628e-01 1.692593843009269350e-01 -5.745539151588144877e-01 2.477435628998895523e-01
-5.075294848121710833e-01 4.384336996876279646e-01 -3.276121894964409975e-01 -1.207856229756269079e-01 2.236268472524401141e-01 -5.089896296974298906e-01 3.281231917466130299e-01 3.991554569680489523e-02 9.351021516887544904e-02 6.485835221340960910e-01
-2.637897725080564637e-01 -3.247976720493082614e-01 -4.762097363059925592e-01 4.142483307268358672e-01 1.135141396593626339e-01 2.441885750492589491e-01 3.777207362372348443e-01 -9.414926078531268838e-02 2.308499094815124331e-01 -7.064978196133890886e-01
1.405251011899616431e-01 -6.028841021951564239e-01 1.212951055286373703e-01 -2.410798171426946912e-01 3.246782287519774796e-02 5.411852159061534759e-03 -5.369673604602466510e-02 2.964357013913000993e-01 -3.196289536689908006e-01 4.947113020664591354e-01
-5.610470003266431194e-01 3.299863463957068976e-01 -8.311544972427784006e-02 3.144736527742562071e-01 2.457980554854348187e-01 1.261452137643261917e-01 1.645974848872239771e-01 -2.528110335877803982e-01 -3.410375308958751850e-02 -6.708428357302341771e-01
2.872028139710717243e-01 5.393068264570031189e-01 8.703668014157008026e-02 2.622782204317055110e-01 -1.716771080488983803e-02 8.949599034618742691e-03 -1.259613037908416944e-01 -2.635880216471053195e-01 -1.887702296164321947e-01 -5.531733221834607139e-01
-5.900739188181600703e-01 1.805274281449038565e-01 -3.008877601937084631e-02 -4.695945192493222037e-02 2.020619161673811448e-01 -2.538633325585065714e-01 6.084162047247735489e-02 2.081854072247801279e-01 1.570327506402749429e-01 5.404278705280536220e-04
-5.659658302555637954e-01 -1.760240995494197769e-01 2.966496447423900285e-01 -5.431500630566136190e-01 2.776709369945873362e-01 -4.648984717358276009e-02 -1.073017887558735672e-01 6.757009626640774202e-01 -2.903579454565474172e-01 2.300884649797969514e-02
-5.550710419108515481e-01 -1.337391240528381375e-01 -3.379536187423865662e-02 -4.331030211211421288e-01 1.820362274245742318e-01 -1.548329156310586374e-01 1.121870315227222747e-01 2.681870979061428129e-01 7.888418728406616787e-02 7.154685853703309784e-01
-3.505680925321510433e-01 -2.225196016063222537e-01 3.949144597568592374e-01 -5.526817278316251691e-01 -4.597507119459084413e-01 5.994081206655547112e-01 1.166512356975130810e-01 -2.622776218034982842e-01 2.799098505171649931e-01 5.839274537943642818e-01
3.674933916979036819e-01 -3.937195890404748266e-01 4.784502343063613133e-02 -2.229782313680970518e-01 3.351308507844042578e-02 -1.124822217093179033e-01 -1.501284162919583887e-01 2.403508773019545630e-01 -2.461017758792561350e-01 5.701398389772356357e-01
-4.314663409141029221e-02 5.474501274814091989e-01 -2.050034570465998629e-02 2.366963108139524818e-01 -5.461811309515604345e-04 8.520911123229287063e-05 1.947444709665894710e-02 -2.366005738866038266e-01 4.571154411663241879e-02 -5.477583354661214043e-01
-1.377387203038122482e-02 2.143596903457175296e-01 -2.254806811167843136e-02 -5.275460676204155597e-01 -3.214781142941952607e-01 3.311712672233175780e-01 -5.775819806184563643e-02 4.941969145643694550e-02 7.601071887501232860e-01 3.561172122064106688e-02
4.176976243127236699e-02 -6.313795082464482844e-01 4.307478562429288560e-02 -2.282578563830091334e-01 6.821788142039113614e-03 -2.932893546409945720e-02 -1.731920254326271141e-02 4.032931900878773956e-01 -1.010440574557180116e-01 3.748107858330035902e-01
1.939675600441605474e-01 -7.031090620296711613e-01 2.110796818307564549e-01 -2.329345715295107200e-01 1.496930850547765479e-01 1.479930638227884843e-01 -1.491042076881709810e-01 4.033143855685255019e-01 -5.768908399686065724e-01 1.294708419088978768e-01
-5.716165121406551197e-01 2.157552028134453181e-01 -2.472162387667549976e-01 5.223840337146918450e-02 -1.506301506850564118e-02 -2.115583731482509333e-02 2.821428770180219869e-01 -1.222063784101680844e-01 5.377794872776477941e-01 -5.680759722005404577e-02
-7.915098672579037875e-02 6.567264892942124010e-01 -4.426241798813795869e-02 2.398328695555052015e-01 -4.309634753995643386e-02 -1.026288647038234719e-01 7.025544618052055601e-02 -4.468363465949032332e-01 1.101876278794369224e-01 -1.023985620643059896e-01
-7.924608730206224305e-02 -5.500335304054309038e-01 -3.275445078658554415e-02 -2.374138341583459100e-01 5.142157677860163464e-03 -7.726011144126501825e-04 3.708821235844910608e-02 2.406323589808683217e-01 6.284124042397644383e-02 5.458850742167743464e-01
2.099491281046388935e-01 -2.447038578084892169e-01 2.262719292888358200e-02 -4.633991189831810908e-01 2.775697612095991661e-03 -7.798652327864944930e-03 -6.217672739367082618e-02 2.393313171944511097e-01 -1.441911284871116028e-01 6.588674320618770341e-01
1.522827920720346562e-01 -5.431871930316465313e-01 -2.820337498614200120e-02 -2.347023498363307314e-01 -5.709080122872643021e-02 5.373160183498912890e-01 -1.655982113907270015e-01 1.242253132795521492e-01 3.066037221840995364e-01 -2.598311076481719661e-01
8.515516740175697874e-02 -6.716554165206410909e-01 1.123094538490859023e-01 -3.652633035155056218e-02 -2.585562576080879249e-01 5.450714563910341592e-01 -1.822231457046690761e-01 -1.503827626702756437e-01 5.224242176661224590e-01 -4.181508945106283612e-03
9.543930441808083642e-02 -5.249627664663196747e-01 -1.471510623177559596e-01 -8.889338415262838800e-02 1.868945245595090010e-01 -6.215502728575474090e-02 -5.187270879416456815e-01 4.822200219672249655e-01 7.667651063456738525e-01 -7.408387270431360250e-02
-3.208475028439758958e-01 6.250955927168906356e-01 -1.930657352222203138e-01 2.322169974544197879e-01 -4.400947220755872108e-02 -2.008468567802814547e-02 1.472726707908807720e-01 -3.106441494504406653e-01 4.779751693839571214e-01 -4.535791153227414774e-01
4.364735577093555308e-01 -5.870354055167666951e-01 1.220680179229618051e-01 -9.818970321240391708e-02 -6.140210055011698920e-01 3.231266053044942743e-01 -7.506344383229052175e-02 1.242596495990600791e-01 6.078426640009941817e-01 -5.391377345022728418e-02
-4.853485674466334054e-01 -5.579639867121459762e-01 -2.097777086040915062e-01 -2.385317493268722111e-01 -8.391219372789800873e-03 3.432041552904543154e-03 2.030644596563752069e-01 2.667035255681244332e-01 5.121092779990005228e-01 5.029121411426678012e-01
-5.093811016107369083e-01 -4.105763930977445186e-01 -2.449490051539944535e-01 -1.349408202596435735e-01 -2.951252261484312023e-02 4.538325573522643264e-02 2.320654938966081049e-01 2.060368729679244726e-01 5.851191846788841300e-01 2.036362249703011496e-01
-3.203968574284223048e-02 -5.411270096271509900e-01 1.380187748808838627e-02 -2.446271406574880847e-01 7.840788754837964281e-03 -1.765443810949688047e-03 3.113322592265755067e-03 2.401945484125275754e-01 -1.164416492278523736e-02 5.519513938096765049e-01
-6.625957431753253246e-01 1.675780765362469282e-01 -2.066575137530830275e-01 6.800034556197599722e-02 2.269054542047038367e-02 -2.248948436589626610e-03 5.293240989354761616e-01 -1.112060488800202668e-01 4.852863960981475266e-02 -8.733972617419703821e-02
1.122488299594700395e-01 -7.124379889256924336e-01 1.860315274950499476e-01 8.146385812124118386e-02 -1.468970050764994810e-02 4.815588305114370526e-01 -5.407798481587300365e-02 -4.588818459801744520e-01 -3.241074080018415127e-01 4.991542995144421790e-01
2.063815973248886160e-01 -4.432759941837204343e-01 -4.029750533305831994e-01 2.432478745141039844e-01 -3.188707955222049306e-01 1.914430241266340260e-01 5.840866194923058918e-01 4.213634588490803440e-02 5.841400738699686901e-02 -4.284399005260078885e-01
-6.928325251145217578e-01 -1.247055457833889588e-02 1.282354351658195335e-01 -4.044088454496422291e-01 5.778014865810843226e-01 -2.302005463051816359e-01 -4.965600821549063792e-01 5.044860817907363959e-01 2.907156805532944421e-01 2.559783748317526753e-01
2.086959997307148706e-01 -5.035523109557280552e-01 -2.235534358836650248e-01 5.021903055514182618e-02 -4.490244836762596337e-01 3.266947014436294983e-01 2.122224915738660234e-01 -2.409230527944629732e-02 6.365738779382550394e-01 -1.439992513438831945e-01
-5.851204170886742384e-01 9.774759640370025721e-04 -2.408984307093564869e-01 -2.614777349776402360e-02 -7.847366481619684822e-03 -8.787137791891283869e-03 2.876486672504417474e-01 -3.717495021391269139e-02 5.193864465822122245e-01 1.214888566301792483e-01
3.547500085963314898e-01 -6.925813205798243555e-01 -2.917332248762418145e-01 1.805599604570933825e-01 -7.988582655573572833e-02 -5.752243770752558244e-02 3.694891936509386854e-01 -1.228299289515715487e-01 -3.468397504433371470e-01 6.951480827122914485e-01
2.118043679980517735e-01 -5.832476850190532192e-01 -1.472597334598035601e-01 9.030251356557333908e-02 -4.414422983985754612e-01 4.499319691406476474e-01 9.259482811858101015e-02 -2.622296199220952584e-01 7.063249705988863258e-01 5.879226640764700224e-02
-2.271448222108640724e-01 -4.757281529817573018e-01 7.293688171317500024e-02 -3.390552645027297696e-01 4.424755958412721069e-02 3.191248454301755331e-03 3.928538811055579810e-02 2.607070762167887912e-01 -4.978771231782035123e-02 6.081372587898296045e-01
8.739785600394954154e-03 -5.737456531046832842e-01 1.461936288074828366e-02 -2.428242574147573829e-01 3.553971679563031234e-03 -6.154641184666484986e-03 -4.413417044241160422e-03 2.721406406878029149e-01 -3.353151048483631741e-02 5.332209277563831895e-01
6.781286288951922370e-02 -7.024310296323218461e-01 -3.226837463269003475e-02 -1.166934628081601061e-01 -4.861878607372129846e-01 3.807683700854633813e-01 1.198669478992561294e-01 1.175310300815486791e-01 6.698009168548891834e-01 3.501379234351276659e-04
3.180568683761426096e-01 -6.062814116419714683e-01 2.055764002665358414e-01 -2.265469688738169507e-01 2.351290692225734349e-02 1.132973649854220576e-02 -1.518649748253462772e-01 2.808813176592836469e-01 -4.549823818639445738e-01 4.901825793250633723e-01
-9.388531558772610086e-02 -2.915786061029033704e-01 -3.627458717266224264e-01 7.036306098131474285e-02 -2.006431606552360469e-01 3.770113398445433528e-02 2.721175974778641815e-01 8.664611595313988224e-02 6.338154195622319742e-01 -6.433462552496105324e-02
-4.591946780732888977e-02 -1.025724137366228694e+00 3.441723650119181688e-01 7.568520127553315380e-01 -4.024877219577718268e-01 -2.442175243706776744e-01 8.525560901808258707e-02 1.307827172512495417e-01 1.752236804365262662e-02 -1.316853759153368553e-01
-1.212854345379680565e-01 -4.302406510445657140e-01 2.146295481719147358e-01 -1.402287410457860872e-01 -5.400852107952843761e-01 2.682683483738484975e-01 5.540574097626959488e-02 1.181752429398223447e-01 6.392690719417699619e-01 -3.062170354033616482e-02
1.841376027942356608e-01 -5.336477212279380211e-01 4.516112188442591990e-02 -2.632420504239974535e-01 -3.942256543581858924e-02 -1.181246586993152728e-02 -5.148568428798314112e-02 2.557620270442733657e-01 -1.004916874311972547e-01 5.687568698468109529e-01
5.838980292410766992e-01 -3.927345104665213582e-01 2.311517534749351621e-01 -1.919498175492644343e-01 9.901061466908664139e-04 -1.368215364775195869e-02 -2.785246358293547719e-01 1.913073527629979009e-01 -5.035457841441884907e-01 4.177291085092815770e-01
-5.159356517306510348e-01 1.363185391546282155e-01 -9.195387391273577858e-06 -2.663927558864948031e-01 2.656216032133333904e-01 -2.046741578978818199e-01 -5.402720739606878264e-02 3.156657712135236271e-01 1.162843625600045727e-01 1.576628563197692845e-01
1.389347780200647364e-01 -7.900215408103289372e-01 -1.077489248203334360e-01 3.743138185979354438e-01 -1.590802676183780129e-01 -1.891674696488860608e-01 -1.038211190166171694e-01 2.985727418174450865e-01 5.441724117339444833e-01 -8.119503947908306152e-02
2.130740423097856329e-01 -6.220753821650782944e-01 -1.933957072342050720e-01 -1.707332178534577000e-02 1.699526194432041670e-01 -2.010102079055156588e-01 -1.095022553069688320e-01 6.699852283042745382e-01 2.022455996211050891e-02 -1.904820358400670099e-01
-1.086512236865344178e-01 -2.866262148546407929e-01 -4.338486647997151224e-01 2.289041210323140563e-01 5.999029390826711161e-01 -6.335584631146778944e-01 -3.031914571180256424e-01 7.535125577253216633e-01 3.273711566328116884e-01 -3.151505885688214992e-01
-5.365644485772599337e-01 2.137106802828561691e-01 -2.451904917559751540e-01 5.676272558522899719e-02 -5.742304831277056029e-03 -1.566023405587262107e-02 2.389730508604731574e-01 -9.377655728573409954e-02 5.576195409788808899e-01 -1.212460306745234834e-01
3.508682414041606745e-01 5.368273254233129066e-01 1.388434620252201324e-01 2.433182007849042094e-01 -8.432799441880368604e-03 5.620338021239340044e-03 -1.517032110996593686e-01 -2.371042548527126648e-01 -3.141376779368534877e-01 -5.572281559120746408e-01
-4.017241302203964498e-02 -5.009958132918049811e-01 7.811568435911311892e-02 -7.071442680350820131e-02 -1.084174652286446494e-01 5.754006760239893659e-01 -2.547785300638144915e-02 8.076705346560404675e-02 1.450870886926999281e-01 -5.618835232435165361e-01
-5.833052125486110073e-01 2.545930095094229295e-01 -2.337351524670253922e-01 1.551615522072040676e-01 8.743300782817929259e-03 2.210673426199039407e-02 2.643223702171296208e-01 -1.185041025181668983e-01 5.142915155684026907e-01 -3.579994339559628980e-01
-6.572119510206823056e-01 8.107436288826902482e-02 1.190058747536637263e-01 -6.149157139123599680e-02 4.307599164506953904e-01 -3.522967908455343911e-01 -1.696790507462785924e-01 8.059563096172809790e-03 -5.078946967643298976e-02 6.691347979770091436e-01
-3.915891732596921138e-01 -5.370106934731474352e-02 1.078398150327421461e-03 -1.004943060172507896e-01 -2.592132761684833864e-01 7.162282228351508628e-01 3.790711341839458903e-01 -8.008326225111108698e-01 1.850306623133710915e-01 3.539333718019548325e-01
-2.852711588157357814e-01 -6.937971022804421128e-01 -3.996832176214770715e-01 2.051398380767716426e-02 -1.673417311693754239e-01 3.908313461684584933e-01 5.027653148167703367e-01 1.974374592021261310e-01 4.089887874801541034e-01 -4.175321378825948559e-01
-5.547368093902143027e-01 -1.086546348368505333e-01 -2.362566971106685731e-01 -6.760751737253602178e-02 4.571114308854563922e-04 -4.845719316795415489e-03 2.429640569846253928e-01 5.486653183256037097e-02 5.424125493552197641e-01 1.388484824494176373e-01
-5.307716599377476641e-01 9.224182779571485358e-02 -2.659156432907975876e-01 2.993754608608049234e-02 -3.207046930986404577e-03 -4.440525846174773333e-03 2.486657307188703536e-01 -3.694575856296573174e-02 5.672074326544421785e-01 -7.210870259469034926e-02
-4.537555046051742202e-01 -1.294227217732090429e-01 4.197768799845348342e-01 -4.636398427409827439e-01 6.683881513181588740e-02 3.387332023337352727e-02 -5.135495149786120095e-01 4.874278736983820859e-01 4.993893483972114966e-01 2.295663714578557654e-02
4.042014419507480860e-01 -6.839263629247364085e-01 2.068114685449361501e-01 -1.896981238149354765e-01 4.365458520711623658e-02 4.051247092682738749e-02 -3.232170002993741131e-01 5.024132004849373168e-01 -2.770112294837303590e-01 5.188634611166517002e-02
-6.322735297885780925e-01 1.203945783600099753e-02 -1.542716941667634026e-02 -2.775243095746127153e-01 3.621916368189995739e-01 -3.561664667783129290e-01 4.978217523926044275e-02 2.399394111398939766e-01 -9.678727239525049264e-02 7.113926799772056775e-01
-3.110981654538477748e-01 5.414958188811487272e-01 -1.269246851583510360e-01 2.401830448512213834e-01 4.590493378153473122e-03 2.603485537627548817e-03 1.365064463425625929e-01 -2.362897932488930985e-01 2.861654639058219818e-01 -5.529204019752507193e-01
1.985472926221602818e-01 -6.515488654133980706e-01 -9.471847971008265366e-02 -5.668548788787843018e-02 -4.688824806439479409e-01 3.422202994841599399e-01 4.869163070805707094e-01 -1.613213818477364503e-01 -3.792238163069142076e-02 4.108714519296403633e-01
2.282736705551521861e-02 -7.440564835368739249e-01 -4.910933619609020861e-01 7.377523596405330952e-01 2.745578862080124138e-01 -7.411104225997762196e-01 1.180897424850233246e-01 5.025027131388462021e-01 1.420710431010376584e-01 -1.253546652004071948e-01
7.699614917335275040e-03 -7.889121267794029224e-01 -3.089633362248578874e-01 4.715323342182287103e-01 -2.283412450923088532e-01 3.703835951215901645e-02 4.997462025914451433e-01 -4.831298702481439111e-01 7.169962981771425825e-02 7.411373578667379558e-01
-2.283471273864722817e-01 -3.369561818625586569e-01 -3.764478281728723674e-01 7.814585006660064448e-02 -1.535122274166726697e-01 1.635709834186587774e-01 5.421307450125328886e-01 1.502658913579063282e-01 2.143849287765720313e-01 -3.848487257383375049e-01
-8.475294751437609242e-02 5.480721625044359113e-01 -4.267807426014290362e-02 2.415089188792672037e-01 -1.762553268600885277e-03 9.005128116347665707e-04 3.362919394903825243e-02 -2.436167619499880199e-01 1.033346353507696991e-01 -5.459845615287745035e-01
1.550381357522024328e-01 -5.722799951924237849e-01 9.387867045663167431e-02 -1.702510973121396098e-01 -2.654315084993192353e-01 1.514707205308689075e-01 1.442960475043345847e-01 -8.005155792250542857e-03 -9.280733493256783373e-02 6.132081760324541442e-01
1.084773058730933819e-02 -6.181833719740633670e-01 -9.940253786785752110e-02 -2.407126292193043637e-01 -2.083487875753932683e-01 6.695242993259790942e-02 6.911165053006276815e-02 2.631444741257977227e-01 4.176345502135004883e-01 4.585302832656637517e-01
-1.640238394736442777e-03 -3.381913629753943162e-01 4.974190942112567404e-01 -3.101415473964736491e-01 8.022876697557096426e-02 2.696261526602170347e-02 -2.042745654826865764e-01 2.703817824888122279e-01 -6.676819977581243126e-01 3.605552099813842948e-01
-3.989006071486403404e-02 -5.345193201490495705e-01 3.304141106225417374e-02 -2.679937722003207790e-01 1.160336158031766846e-02 1.968382442606307799e-03 3.676788768045741000e-03 2.479333089897645392e-01 -4.607986004396315283e-02 5.664084184269714273e-01
-5.394054059750532648e-01 -2.775655841533333223e-01 4.844681758764801671e-01 -5.291297113160651211e-01 3.809569266589707404e-01 3.772480447477566945e-01 -4.699534839840498468e-01 5.213271685569930147e-01 -1.915202126834353868e-01 -4.063606912772165236e-01
2.319132929783778996e-01 -7.223306474820516687e-01 1.989259420287238511e-01 -2.070643228954246462e-01 -4.308339313980998342e-01 2.782368801848943973e-01 -2.072932360528418894e-01 3.029128849964244363e-01 5.707047820505993796e-01 4.246684363193451578e-02
2.713233610643195903e-01 5.483403171641481055e-01 1.170779625094764548e-01 2.362056015420561650e-01 -1.441645660653493972e-05 3.129268388144466998e-05 -1.170706885771817113e-01 -2.362285955699679474e-01 -2.713142452077985101e-01 -5.483530395428006798e-01
-4.544649523118614587e-01 4.764765012889531359e-01 -3.808633382161548675e-01 -2.240689489019430936e-01 4.322922592003331510e-01 -4.720310620615594255e-01 3.964731810333464446e-01 2.363468233940918539e-01 -3.729804153512207288e-01 3.741411728773780809e-01
-5.803033489938180800e-01 3.617086179266610357e-01 -3.048863988014923754e-01 9.949035617485758876e-02 4.013237165962790093e-02 -1.166327866131972590e-01 4.725234803778654014e-01 -2.165684511235859144e-01 2.070596328019604082e-01 6.190680857119308655e-02
-3.383092598332356760e-01 -2.119738545952019881e-01 -6.799499426418657844e-02 2.417592353992642495e-02 -1.932862292618876265e-01 4.885646684627029668e-01 2.605703682862762216e-01 -1.026852576815995011e-01 3.499880268238819703e-01 -5.553828873782834519e-01
-4.065834390532421239e-01 5.827282522566267220e-01 -3.192350351048814372e-01 1.404063346812080837e-01 -7.308985825965548522e-02 -9.400555410966940362e-02 2.495427820006927422e-01 -2.591154082362793210e-01 6.608987046679036803e-01 -2.046222646290103697e-01
-6.360306376346931412e-01 1.734983082595621118e-01 -2.088786583960907661e-01 7.668991375326897342e-02 2.379911526761591956e-01 -3.428517550518085655e-02 4.640532699388792981e-01 -1.009459898425402180e-01 -2.515533443224561294e-01 -6.803304433330770173e-02
2.416788330443379318e-01 -5.471527071956153732e-01 1.094801819207977395e-01 -2.362803285821908350e-01 1.067144309406348971e-03 -2.320606923418576698e-04 -1.183792659972541794e-01 2.361458264052601064e-01 -2.281492864184213876e-01 5.477889214253861550e-01
-6.272465227189198966e-01 1.214704046079956440e-01 -2.314000390607636182e-01 5.274634265894532353e-02 -2.539070853212204576e-02 8.661511066449667159e-03 3.822435324712505911e-01 -6.745492403153775796e-02 4.092657659020000893e-01 -1.121902413233924756e-01
-7.003029215766135573e-01 -1.107602802517032026e-01 -9.876836739599083315e-02 -3.732127638211467646e-01 3.804224991684518886e-01 -2.756963124598275083e-01 1.935481367886427162e-01 3.897528305791697623e-01 -1.799432624782960899e-01 5.939994617143296018e-01
6.070043815851744462e-02 -3.765853385815669530e-01 -4.995094820909458735e-03 2.816283255065358260e-01 -6.646524315588693554e-02 4.338143191265363408e-01 2.460867625121668234e-02 -1.579984354640787680e-01 2.844826556603967035e-02 -6.346289623163552385e-01
-5.038464003334864882e-01 -1.984128460248565928e-01 3.321633394243821424e-01 -5.429446130827488837e-01 3.217875909208453011e-01 -6.972267069965810971e-02 -5.646293597408087034e-02 3.990329576170505987e-01 -5.841885680374307999e-01 5.856169424507678967e-01
-5.470501694700854456e-01 4.902842958382651606e-01 -2.245893570840393205e-01 2.292482137054485392e-01 4.096466172684904566e-03 5.849869298502275577e-03 2.354969858883791678e-01 -2.227520467697427509e-01 5.206306201885171347e-01 -5.121751946076922302e-01
5.482624368285524685e-01 -1.463825924938757378e-02 2.363856197082801480e-01 3.644871204161211856e-03 -3.184965919263430862e-05 7.699316469490335817e-03 -2.363699723417917453e-01 1.995873728599657174e-03 -5.482318485419854781e-01 -7.982763308273762778e-03
-2.658580173736193458e-02 -5.804839370001795285e-01 2.485761111240277280e-02 -1.527692003816321920e-01 -7.428253702504267197e-02 5.279795457434770523e-01 -5.250627478607295973e-05 1.736345931439515489e-01 1.191034609285369500e-01 -4.326831952490298172e-01
-9.572918208536762563e-01 9.990277778807279963e-02 7.707592587628686598e-01 -6.747836085686991225e-01 -4.404429068589228446e-01 4.869661450334263342e-01 2.749886276410428709e-01 -1.458445670026050633e-01 -1.177405906263937763e-01 4.805384668120276648e-01
-6.419632351701143325e-02 5.655326659221947549e-01 -3.026809086871717902e-01 2.305391863790854090e-01 -1.316415020451456308e-01 -5.304000851542277351e-02 1.855900151151563260e-01 -2.283683272561725097e-01 5.171767904015777129e-01 -4.717799225041975908e-01
-1.381093007173834486e-01 -6.301318150665716211e-02 -2.732988874892621212e-01 3.786874280365865597e-01 1.417668832314969152e-01 -5.765584415627746928e-01 1.986655498095635519e-01 4.998029846365621004e-02 8.486240408856225714e-03 3.620344341469523552e-01
-3.638218038696420797e-01 -2.191908591452071953e-01 4.254174899644585506e-01 -4.051958180979243207e-01 -1.061511972103266754e-01 -2.833860650955506363e-02 -4.690942498231398874e-03 1.516202584855439739e-01 -1.994135618880829020e-01 7.296950012958226539e-01
-6.012855456599186521e-01 -4.431431863416594730e-02 4.627957363022506820e-01 -6.120328670051098374e-01 -3.441300099375603772e-01 4.057345809853812324e-01 -1.049825359909802303e-01 3.738138679415055066e-01 5.932548463436557729e-01 -2.775989976237882573e-01
4.184271572611888423e-01 -6.605908376369037383e-01 -4.588390490420336532e-01 2.284350204304673726e-01 3.129778933459964607e-01 -2.982935672955284723e-01 8.778864773676650635e-02 1.775185055778764898e-01 -3.283512669818742791e-01 4.802262281329724991e-01
2.535216416113278415e-01 -5.724944728544036909e-01 1.508425260012699054e-01 -2.331019773776393522e-01 1.622099789413603693e-02 7.635023197572143872e-03 -1.196633496448194778e-01 2.526083351168725288e-01 -3.382272646132769567e-01 5.240777225300555786e-01
-5.902168720940648150e-01 1.213178583587633530e-01 -2.405961990603041611e-01 6.378370470384026047e-02 -1.040669400110081147e-02 4.443900280514233997e-03 2.970222031242359950e-01 -4.720078770663652112e-02 5.097963004686603128e-01 -1.583603001187171566e-01
-2.023905037837178400e-01 -4.292834925333883778e-01 3.277652735724327360e-01 -4.140854838147106087e-01 9.344882855450102610e-02 2.620738795639138835e-02 -7.213351413288000835e-02 2.861137196688716133e-01 -4.230720807623411517e-01 6.092942701895959212e-01
9.145024423898402699e-02 -5.693305185425103776e-01 9.948716027725060251e-02 -2.400149860093761245e-01 3.352609798395080748e-02 7.691288627024929492e-03 -5.483133138553580171e-02 2.560456130942114217e-01 -2.281880328366116817e-01 5.279321660070801503e-01
1.317893617493979541e-01 -6.378010880635855973e-01 1.503744450532776278e-01 -1.276559388309252696e-01 1.578041899006689952e-01 5.233492186147985503e-01 -2.885411878210776271e-01 9.975405399714390442e-02 -1.746598265413515649e-01 -2.852288250106498335e-01
-7.586639977808378177e-01 1.201411622772294713e-01 2.943292826223452008e-01 -3.806354837566246485e-01 1.120651026478099443e-01 -2.620174104473075860e-01 -2.803288297127538020e-01 6.854738934925915794e-01 5.252951482862650012e-01 -1.845925346070804718e-01
5.578001206281445468e-01 6.542207613803509292e-02 2.393626300531814244e-01 5.017124179863337308e-02 -3.371185971300659327e-03 1.778471858604818365e-02 -2.489186359143400196e-01 -4.034145483968869933e-02 -5.356986245380184197e-01 -1.134025507289439932e-01
-2.759618536240436848e-01 -3.447762790887503037e-01 3.910538061458063708e-01 -2.673352953129635168e-01 -4.397985580219697099e-01 3.877911257898928876e-01 4.398359022445786359e-01 -4.248697829956509242e-01 -4.127574417505812665e-01 8.785687967841340207e-01
-4.585720388177571549e-01 -2.990864334846793926e-01 1.254903421555589871e-01 -2.010066945648031345e-01 5.017255798184282467e-01 -2.835170384848071171e-02 -4.130052343077164623e-02 2.744669435812440161e-01 -5.956722779289724823e-01 2.228067269199697775e-01
-5.468125584540820538e-01 1.380911037117400764e-01 -2.373118439927847378e-01 6.203078608859425441e-02 -3.744022463834932222e-04 -3.331210295870240990e-04 2.378615142629956214e-01 -6.782264060237366832e-02 5.465169129610760734e-01 -1.274517944039568196e-01
3.410974888413542683e-02 -5.991327114403574017e-01 3.329567572045143836e-02 -2.415730492560814457e-01 1.318001226918151352e-02 -1.494793073839554252e-02 -2.315927552191257566e-02 3.171765805399278659e-01 -7.621866875097436933e-02 4.935837608197861104e-01
-7.538923279338818895e-02 -7.056890304961970228e-01 -9.341564723021773820e-02 -2.489858989085841079e-01 -2.117434272637851445e-01 1.565344871548478844e-01 6.985999427272721052e-02 4.179193647867995853e-01 5.070902410233507629e-01 1.141215455031543841e-01
5.901607116637212075e-02 -5.503654121133259025e-01 4.595541072555520135e-02 -2.372559941179530618e-01 9.970936934329842349e-03 1.019395134359050992e-03 -3.890289919504772570e-02 2.398793187643756819e-01 -8.916411346896403745e-02 5.439804512215099530e-01
-1.124324922309111741e-01 2.154455853855018199e-01 2.873724394822494560e-02 -4.225495562047095754e-01 7.937807807364467838e-02 -2.753887508201417478e-01 -6.106972124871364559e-03 2.301913062405554211e-01 -7.458655491795099235e-02 6.371919567704789067e-01
3.774337439318810050e-01 -6.507979986121664728e-01 2.513935831258154452e-01 -2.196107138488807009e-01 3.988951899511630067e-02 2.207483746108424363e-02 -1.805666214427852356e-01 3.353195688937093966e-01 -5.742118272942252633e-01 4.065956839435287962e-01
-6.608526573026550777e-01 -3.038328618540148129e-01 -2.213397095149760019e-01 -1.094120180235045175e-01 7.489204465281324059e-03 3.045606243316517289e-02 4.759357087254404428e-01 2.169778380724350642e-01 2.069953631301545693e-01 5.931732254959147521e-02
-5.684693535396913022e-01 1.804109166679052634e-01 -2.635816219258402260e-01 4.998956551849555174e-02 -1.056220460362473045e-02 7.068284624993603077e-03 3.035181306754196617e-01 -1.165073821033869444e-01 5.192158042713963528e-01 -7.984994599923690706e-02
-5.432788510991525266e-01 3.351734666259940237e-02 3.818181084094070532e-01 -1.073989447126646735e-01 -2.975519396733117619e-02 -4.727837809862573959e-01 2.278824343619980861e-02 1.942330395388584818e-01 -1.344403297986530577e-01 6.896504275872362699e-01
5.606406588998472801e-02 -3.954958007342922466e-01 -4.083706103605428406e-01 1.104316072629387968e-01 -2.257791467485726622e-01 4.169217669185666664e-02 2.422362771329641673e-01 4.923859466106208366e-02 6.648672080033735110e-01 2.881401216818202035e-02
-4.403019070668839352e-01 -1.810756579172960179e-01 2.937103851844223845e-01 -5.586494734217803959e-01 -2.743164891732466915e-01 2.594875972631189853e-01 -5.543179959723185807e-02 3.875835606261001653e-01 5.198462486115550396e-01 7.201821377863257788e-03
-2.899050135895361313e-01 -4.640499551434986714e-01 -4.416902748359507469e-01 4.632009431980734226e-01 2.013549041826780961e-01 -5.614190789621732458e-01 5.164071929065964239e-01 3.886699401030365569e-02 -2.163635573543909729e-01 5.974713655268523160e-01
-3.601553987946934932e-01 4.010357389695172192e-01 -1.164190716145269006e-01 -3.992189376106363152e-01 5.250912427042585540e-01 -2.501895939705967575e-01 -3.539456960325966239e-01 5.813312908868298878e-01 2.353276249768166961e-01 -2.655483188384442639e-01
2.157456938019501613e-01 -4.885706901577006045e-01 -2.430578324789017253e-01 1.469784279141810868e-01 1.802659529420303774e-01 -1.257633930103181363e-01 -1.294463649944243427e-02 -1.984290042096845952e-01 -8.708314981460879567e-02 8.177704071180094125e-01
-6.180811941883800342e-01 -1.960592729452713678e-01 -2.372266563512839266e-01 -1.370604111833743088e-01 5.947253782579273521e-03 -3.725542104402965182e-02 3.219558017505310676e-01 7.715351006471153628e-02 4.648403144451361269e-01 3.610904349009245173e-01
-1.128497849991844451e-02 -6.149765794125175988e-01 -1.412978649527696640e-01 4.401694451261527891e-02 -2.913895870255892584e-01 5.874430369032799248e-01 1.302739543476955086e-01 -9.990718189949752970e-02 5.657150924830371963e-01 -3.619114356335697558e-01
-7.321641311986815115e-01 -3.140509971495900055e-02 -2.479392836696699964e-01 -2.061516576575925241e-01 2.851987183178562035e-01 -3.153110374326628107e-01 3.169166052916198018e-01 1.651918788402989002e-01 8.671192324738523360e-02 6.816507569702107139e-01
-4.164730112518361671e-01 6.554114863259016821e-02 2.395232441481513208e-01 -6.340809359230639153e-01 6.527445719221512677e-02 6.191214112987133422e-01 -2.886090551354956735e-01 1.441409373979935793e-01 3.837065920945259001e-01 -3.327567968561809253e-01
-6.413221376659958284e-02 -4.380743373494214166e-03 -1.416341937462695100e-01 5.238662359585249950e-01 1.750286202253455072e-03 6.529018920946223770e-02 8.197175266787894155e-02 -2.133220792108101727e-01 1.685014394752760991e-01 -6.714465098958314337e-01
5.681667834362733593e-01 -3.887654338786133978e-01 2.851987466985342889e-01 -4.586894180539104887e-02 1.880648344762770804e-02 1.607426580519533965e-01 -3.811778144597927076e-01 2.073191269411780446e-01 -4.332159078641814043e-01 -1.894758725218277928e-01
-7.161332307267442854e-02 -5.703827077318935901e-01 9.709405129731768502e-02 -3.176195067717718090e-01 1.708843042924020061e-02 1.209454517090537001e-01 -1.271201347231268874e-01 5.101231782713744334e-01 9.495183437306400909e-02 2.429656539360086631e-03
4.103575285212813228e-01 -5.254757018356988052e-01 1.437642499831886245e-01 -2.570941938908499758e-01 -1.179333891513551988e-02 -9.265619377501253459e-03 -1.842778263589042176e-01 2.395428076828121922e-01 -3.194033837375421236e-01 5.723738791775313528e-01
2.159815830359099742e-01 -5.104081779366970162e-01 1.277806568156475975e-01 3.697434729296204536e-01 -6.137857137516468109e-01 1.748799303809831784e-01 2.807247419406404612e-02 -2.200526144294672193e-01 6.442786387739813936e-01 -8.665434752639970817e-02
-4.927488657591932997e-02 -3.581621978068746381e-01 -1.703686928379141152e-01 4.396673600201754795e-01 -9.157671138817499723e-02 3.048158047754124245e-01 1.162424819089779432e-01 -2.107360189203836276e-01 3.159232964815951727e-01 -6.164153412734872939e-01
-2.259201658695879356e-01 -5.563137155324436867e-01 -4.192307237517091667e-01 2.328840028033922482e-02 -1.388314690118389316e-01 2.479771612691406835e-01 2.960832521571931109e-01 8.977027258599729054e-02 7.031703720543658331e-01 -1.046663230385165150e-01
-5.353058787022375586e-01 -4.636053220949517550e-01 -1.645561619223162853e-01 -2.701685720813634672e-01 4.788600077130606564e-02 -3.920094798016958426e-02 2.509248830440659606e-01 2.264120029012915147e-01 3.052078304939947473e-01 6.061961678953374788e-01
6.384226591714094179e-02 -5.834449230696716615e-01 1.109067424345372421e-01 -2.575048674203882504e-01 7.678707241573856646e-02 -1.707736637514486360e-03 -8.346958958445870047e-02 3.155802037718676845e-01 -2.479348991548556425e-01 4.858359492782137190e-01
-4.211825716706996681e-01 5.140229774809986774e-01 1.900490526998527829e-01 -7.369096142799003157e-01 -3.379411885457155040e-02 5.698106609984360249e-01 1.330970991604407960e-01 -4.773936849610629363e-01 -1.039060522437461054e-01 6.295260316718054305e-01
-7.077042847100095679e-01 -1.365754939228366882e-01 7.020002068601113310e-01 -5.828962925054933519e-01 -1.528022274061123509e-01 2.013125954679680363e-01 -5.731487615292284454e-01 4.730699174027725440e-01 7.583604599462947515e-01 -3.843786620005432142e-02
