2.484171870001077552e-03 2.593201191709294763e-04 4.195697248325418139e-04 1.306218825122957802e-04 1.271191285919095007e-04 8.290784542864030032e-05 6.659059355518863422e-04 3.031999094990207822e-04 2.308118976411226674e-03 1.910728894321801449e-04
6.063110658174785859e-05 3.306362017253224213e-03 1.138482884485603167e-05 7.697026556373257186e-04 1.190521211666389624e-05 2.973983863434350415e-04 7.593005854074252512e-05 1.658251652090692550e-03 5.433472520951953730e-05 6.377261028334088935e-03
3.882771916835457519e-03 5.871000418169913435e-05 1.072504997148574380e-03 3.934801317384450567e-05 4.714295341515215595e-04 1.972645518279658979e-05 6.258987145701656830e-04 6.873034653568198503e-06 4.136557732305022085e-03 4.699335879063026486e-05
2.059815357623984156e-02 1.918698080625196338e-03 6.498948706658960565e-03 1.103884318305317939e-03 2.254386580224010915e-03 3.212260927884439191e-03 1.317238752302667647e-02 1.186169618258309071e-02 4.690536927494182162e-02 3.914068528018511961e-02
1.229266973907251629e-03 5.643508725810096847e-06 3.684860780288110689e-04 3.707663824257078043e-06 1.490405757181680405e-04 1.864435348881985971e-06 3.671998503153457152e-04 4.307311726992445431e-06 1.261751455618914750e-03 4.734611850325641767e-06
8.187038627847751868e-03 1.063267491958791271e-02 5.311831996983619290e-03 5.735050458168478200e-03 1.484571820815376890e-03 9.942841500933141327e-03 3.570528616003963880e-03 5.648773165417705737e-03 4.644227559392467798e-04 1.620112837030858802e-02
1.468442628045014790e-02 2.203343658543067648e-04 2.225439785116543022e-03 4.339110508068993641e-05 6.785712096796585021e-04 1.204658882674700690e-04 4.084581281634577961e-03 4.719420063627179042e-04 1.106937582334386987e-02 2.518242898032198264e-04
1.091672842863645706e-04 3.761282924007693616e-03 1.241393743359246423e-04 1.455692501359424863e-03 5.641308663413351180e-05 3.986298666087239716e-04 8.678774914807379690e-05 1.336243414341912973e-03 7.857780821865400687e-05 8.034024243116210176e-03
3.060799994469641863e-02 2.152230747627908135e-03 8.771654443766947057e-03 3.828828008079153931e-03 2.976662980004290970e-02 2.158423960192054625e-02 3.782326371221034211e-02 1.958414557463775130e-02 1.321440216808674739e-01 6.379175589304103555e-02
1.253158316630169659e-03 1.294497197854683861e-02 5.667463643159513466e-04 4.181845551118243930e-03 2.400023823997965607e-03 1.412375902327667665e-03 5.835348468724853820e-03 5.483899142190220947e-03 2.320745928457175478e-02 9.942438057784634339e-03
9.609884223990461014e-05 1.488842934957626367e-02 3.651607252760130282e-05 2.052260024796639763e-03 5.161059488430605653e-05 2.327444120229543896e-04 7.552440393728375688e-06 2.168042214134249628e-03 7.011087596894738003e-05 1.197852413200291115e-02
5.561097104945122126e-03 2.542459209359516871e-04 2.147186368358478849e-03 2.060373744865788245e-04 7.175739070462396540e-04 8.963097788391463877e-05 2.742566524923151054e-03 2.022958605820472341e-04 1.201962138033146020e-02 1.716581299900089526e-04
1.728083831661535478e-03 4.340090468077358737e-02 1.631431923261825179e-02 2.436440992437152731e-02 1.845151225774185888e-02 2.287975509741123348e-02 1.192961126555161337e-02 1.279544968226073269e-02 1.877649342864398663e-02 2.397052561437526888e-02
5.620569894042216907e-02 8.822115823685164337e-02 3.817473072927346500e-02 3.861931071821564365e-02 5.336497275440898330e-02 7.734229274882259419e-02 3.488430855331867142e-02 2.464258549632017403e-02 9.257971727065780754e-02 1.149535780744829483e-01
2.823519986824345185e-02 1.170196010353923314e-03 5.365150425630660878e-03 1.307830521030921593e-03 9.687049410688699722e-03 5.782501009402879304e-03 1.400445199216179652e-02 3.737466971525492919e-03 7.598144601325572921e-03 2.312818508967888487e-02
1.241091036564301135e-02 2.438916051766686598e-03 8.853236971145700754e-03 9.002336886428078180e-03 6.514342709671089478e-03 3.327715944106939515e-03 8.396434896773738096e-03 5.269070748139789533e-03 1.295960646061729109e-02 4.652392503066972397e-04
2.574664392705565928e-03 4.215648819477668674e-02 6.271031331172326369e-03 1.155286907521622768e-02 7.295765912579659472e-03 1.341916884552153515e-02 1.179657159664795722e-02 9.103633834159670021e-03 1.445125542674681289e-02 1.206170434211831059e-02
8.921515705526117390e-02 3.911245015962377947e-02 3.564983118821503372e-02 2.436143674883248234e-02 1.695869250488508603e-02 4.248108151652937869e-02 2.326535235108337721e-02 9.834614750656316129e-02 5.656967938807150320e-02 1.662050921984835894e-01
3.550115079219011947e-03 2.842245010843685166e-02 6.359532243193160260e-03 9.213363212166354385e-03 5.621335024985823180e-03 9.501158052045417454e-03 1.263358144252798741e-03 3.975318492100413624e-03 1.353675984264528535e-03 1.251499842395389743e-02
3.679165046947253893e-04 1.656635134307342036e-02 6.503555258551831043e-04 4.851170019924127587e-03 5.504352843525245863e-03 8.509833356622175868e-03 2.824962004347341370e-03 1.090291836517258937e-02 2.280303439474606897e-02 5.932242325268038095e-03
8.544351536167622829e-02 7.914490992290670879e-02 1.460124708312236612e-02 1.540911141817399681e-02 2.498164696008399466e-02 3.597931245249001708e-02 2.909279504548944670e-02 1.617720297805744223e-02 8.037856631512829697e-02 2.378130096210431810e-02
3.852607436811972264e-02 2.639160163399022208e-02 2.123506463555144275e-02 1.177930168605528620e-02 7.522774039920936649e-03 1.460653001113537512e-02 3.296366907271998381e-02 1.161683088003467000e-02 2.568759773792643995e-03 2.130835110533287405e-02
8.490744423897739548e-03 4.269311909559082808e-04 3.578573819570429575e-03 1.508283353271387369e-04 1.458425586967527056e-03 4.135685887823572419e-04 4.195684001556864752e-03 2.106596575619400745e-03 5.080618376442302096e-03 3.560133565764177742e-03
3.569569766698729718e-02 2.045830582160032551e-02 4.022990907675969008e-02 4.135389480377925364e-02 5.555679116231840298e-02 3.443519779411055581e-02 6.888336012805759689e-02 2.166234727306551311e-02 1.076279011648883788e-01 4.408167571936651152e-02
9.245833422211966954e-03 8.296884760653201697e-04 3.781210277683528208e-03 9.940369313504715792e-04 1.116334618534592328e-03 3.396302668752130627e-04 5.577190581504915499e-03 7.124836666297849853e-04 1.982093891935597652e-02 6.252393606350482814e-04
6.685495827954312706e-05 3.375259331085104890e-03 2.945894121224212873e-05 5.015434855840391433e-04 4.806989358013877397e-05 3.838778176637078167e-04 1.167286849522223798e-04 6.367237375890674690e-04 5.616072934097504263e-05 1.838259051464166986e-03
3.321788288817971446e-02 5.416817804086995758e-02 2.430666365656178329e-02 2.764451912961748969e-02 2.243833842708390855e-02 6.217874376634077715e-02 6.355248989052235918e-03 4.860167209614132955e-02 5.904787456510333932e-02 3.911675631634220496e-02
1.318340677573129859e-02 1.194731223666801697e-04 2.476965869213301405e-03 1.111233789278718816e-04 2.120583979630202148e-03 3.768446521433754196e-03 1.053241776128322968e-02 5.511748856908128781e-04 3.476770185851060097e-02 1.676774847855351525e-02
1.194093036143769986e-02 8.184036249593981335e-03 1.236147303910360533e-02 4.189309122316658106e-03 1.833986631751707841e-02 6.448054254870746842e-03 4.432809639416166077e-03 1.218571614103907156e-03 2.990378964964446329e-02 8.708903111206135706e-04
3.704070485703999001e-03 8.550969503254190660e-05 5.344678784017377988e-04 2.772207008865001902e-05 2.224396512403459139e-04 2.184409277854771570e-05 7.755206296747896603e-04 1.044979532283652997e-04 1.576924062764327754e-03 5.343376009983480022e-05
1.485276783042831531e-03 5.256466069084002844e-03 1.647791474067321653e-03 2.358987824184192138e-03 7.448138429182012609e-04 1.502636344137764845e-03 7.346112491751131913e-04 4.685099647084758033e-03 8.606019464139348608e-04 1.760279152745657105e-02
7.399106768991552639e-03 2.307494439991308877e-02 1.449898286644419991e-02 8.863951833393250365e-03 1.097607988943431756e-02 1.478856855453164823e-02 2.312912270742233621e-03 6.076566367398144285e-03 4.476501005765381146e-03 3.800145117063235406e-02
8.557520655899650275e-02 2.958180631496414546e-03 2.543715734991594188e-02 2.768544023280070793e-02 1.857580025638493754e-02 6.567953705863687451e-03 3.116182288777925857e-02 3.259156218051044440e-02 7.584543407681737515e-02 1.329696070705002446e-02
3.002433826283693041e-02 4.127869091837235715e-02 2.910948562840132148e-02 3.087825039457556264e-02 5.880841709222448671e-02 3.816396492850901434e-02 1.197684484017577482e-02 3.186265878259354062e-02 3.603068829775507576e-02 4.242638425336872632e-02
2.521524381857670818e-02 1.370939539976223469e-02 1.434418687407835145e-02 2.052280225807157077e-02 1.052979424744431534e-02 2.582342188724950915e-02 8.623186361697508448e-03 1.010966883755750993e-02 1.494263443061080547e-02 3.339315124422922998e-02
4.082889439333260663e-04 5.731469724028214439e-03 5.474842730685676407e-04 1.991656014369232001e-03 3.389044973080672374e-04 9.095167703703663188e-04 4.448909744763908337e-04 2.718570678557962438e-03 2.487005836883927857e-04 1.071680168315941421e-02
1.664601244657752969e-03 1.782579689354789332e-02 1.072177015453728080e-02 1.772492627286581524e-02 1.833529365141943783e-03 1.206931176105088648e-02 9.786629831406342891e-03 1.758578658944978668e-02 8.382987288922670241e-03 3.553643930685893015e-02
7.269736654984509071e-03 2.296519856953420889e-03 4.859950333065922966e-03 2.716416270035308493e-03 4.171561202643925791e-03 5.047565871830111094e-03 1.768171592794478024e-03 8.791920103335735745e-03 1.510393246446499775e-03 1.200058955190946332e-02
3.903961148063174414e-04 9.475052760856276721e-03 2.390510715552577844e-04 1.637673282791239941e-03 1.387850411678209631e-04 3.202168552195639069e-04 4.427824067874248882e-04 2.299540977316215894e-03 2.983642712246205265e-04 7.778983838867769250e-03
5.106230510149411227e-03 1.133180824552061927e-01 5.133876940027092516e-03 2.950016780006948711e-02 2.142670454096365276e-03 2.764958076284836780e-02 2.280785924221775084e-03 1.473568231125400342e-02 2.235033224799592121e-03 5.509688526322779195e-02
5.601692571102134810e-02 3.345057116029628852e-02 2.384055473121558799e-02 1.591695359732683834e-02 1.167065963680738450e-02 1.913335735928070602e-02 2.575851629406346321e-02 3.811645723513479300e-02 7.660682138869741309e-02 3.045673592818403351e-03
6.766588660185025817e-04 1.281703772347596651e-02 8.794819575080593766e-04 5.190291883801270538e-03 4.477613955359171193e-03 6.006682236954079789e-03 5.701072792977253910e-03 1.401554819510351588e-02 7.561060103275992449e-03 1.782709291194875534e-02
5.847472746760830299e-04 3.912108855440944721e-02 3.780297360872684987e-04 8.640748966488923793e-03 8.336438443714040821e-04 8.552335913064699688e-03 1.297075703084334423e-03 1.607316681864619234e-02 1.191155263965347792e-03 5.769278653403115548e-02
1.165620742836240113e-02 2.246133302838044035e-02 4.598645272433781427e-03 1.248644836215933099e-02 2.015263431132848762e-04 6.981393183757546523e-04 6.742551203529613358e-04 3.306936609986581115e-03 6.478225639760794253e-04 2.083697307813205807e-02
3.809461468529611039e-03 6.922287553825967241e-05 7.405454891977570698e-04 1.469432224670313950e-05 2.086499086746753946e-04 5.779359709579142208e-06 9.496669246898039457e-04 4.175768683219071762e-05 3.237279216934974349e-03 2.498553884247478566e-05
2.635032688872302603e-02 2.790418140449806537e-03 1.246657706503362210e-02 3.931836606702382095e-03 1.139914818364132394e-02 5.360609161986451716e-03 1.490059665800900525e-02 3.943535819718019773e-03 3.811007592665752869e-02 2.049718942550043076e-03
9.012494616997168326e-05 3.824147157406406448e-03 6.803480072665912446e-05 6.995284370727949909e-04 2.173807399394497820e-05 7.961980061284468127e-05 1.044031545769017984e-04 8.004927962553522137e-04 7.241736043209112315e-05 5.334298991279850209e-03
3.818830284048541079e-02 1.455635560152798540e-02 1.751822030242652928e-02 2.465409283384411079e-02 1.239949862670831730e-02 1.233507811948088805e-02 1.303777952317958753e-02 6.201663974057635385e-03 3.130268741092911283e-02 1.193612132774056304e-02
2.081201972653583948e-02 1.451658380589220280e-03 5.530754558566737707e-03 2.012235645300854657e-03 1.047992647714546081e-02 3.983379571709743348e-03 8.932150443473523341e-03 6.416256795532106726e-03 6.769866825685393573e-03 1.385040269119657171e-02
1.679488842240461880e-05 2.569704067536562626e-03 9.418026130219136739e-06 6.357852955415500395e-04 4.972641182561609244e-06 2.854359512043931450e-04 1.123131681037597943e-05 6.783116290404184049e-04 1.134316150771985635e-05 2.293869089923660128e-03
2.092636050977271789e-01 1.975038480870425495e-01 9.078097785993699542e-02 1.337616010910076259e-01 9.659922683482931316e-02 7.182710833248522053e-02 7.326937797887006498e-02 9.137658227283998458e-02 2.007627351318629627e-01 2.403158862972787357e-01
4.508245379237773263e-03 8.869680933675806386e-03 3.088610792728441364e-03 1.165422631991679418e-03 2.608292808570062803e-03 7.433295796856400229e-04 1.288170935454013453e-03 4.907846468946976083e-04 6.195960863459802279e-03 2.228893453095338558e-04
6.141917746452129809e-05 6.089273370492274094e-03 4.698888888940333151e-05 1.998904300654778549e-03 3.801387800436000235e-05 1.287363495216886731e-03 8.705342356965417214e-05 2.193981928008458069e-03 4.467130131022189663e-05 7.224800458639708649e-03
7.606526694380374987e-03 2.774249982868394427e-04 2.169520076951544831e-03 1.575342514165957127e-04 7.828159842234607910e-03 6.109624139968682609e-03 5.371458773681330769e-03 6.132398824982648010e-03 4.420918947025773149e-02 3.785311154287165046e-03
2.428925525615401732e-02 8.834660516298888100e-02 6.056953345678405508e-03 2.108148773942916665e-02 1.299374745526048376e-02 1.889698212755760998e-02 1.944191054242968035e-03 7.391375749973747543e-03 1.263723788590103174e-03 6.330523532627356509e-02
2.698059595747925865e-02 3.557647880913218609e-04 2.417090123893807750e-03 5.044290919407255725e-04 8.423560053637842507e-03 5.484023358120342605e-03 9.781269702008875064e-03 4.944639364153346171e-03 2.231494763493966499e-02 6.068002712756258819e-03
6.303561872303308964e-05 6.971067363347321043e-03 2.027307121298016460e-05 2.213322638233213881e-03 3.817769309806197966e-05 3.796676395936356314e-04 1.720321242090661033e-05 1.931549299821324088e-03 5.127081234887375847e-05 1.187999521797468948e-02
5.179666679900432613e-02 4.146489202214997949e-02 5.536585516480471703e-02 3.197196517091645263e-02 5.912141276487456465e-02 3.994575334226349583e-02 6.369291550923236733e-02 5.994184798970704497e-02 1.974005449096810361e-01 1.715994990630917982e-01
1.015570205424294430e-02 4.687951453830320426e-04 1.428268475800364935e-03 1.468782627444254992e-04 7.095710321051413401e-04 1.590666575078623630e-04 2.369155333501242640e-03 8.246896610566563325e-04 5.271996676596834262e-03 4.838856864052544461e-04
7.352934251714709178e-03 2.670734746708402357e-02 2.163283360712491693e-02 4.736073099054992873e-03 1.158435589505975132e-02 6.916036014936124791e-03 1.056203474453958763e-02 2.545289020140824830e-03 2.203522946491860701e-02 1.033376733483053504e-03
8.109827748835694849e-02 1.107169563016558445e-01 6.834458873732289497e-02 1.410253308458873645e-01 5.784233198705775875e-02 1.511589160269018739e-01 7.144328733022541067e-02 1.423497325774766009e-01 1.659076093894959469e-01 1.407273505041786998e-01
5.653221490900342538e-02 6.535760359789749563e-02 1.168724516519380370e-02 4.796616315931783413e-03 6.790509164085600270e-03 1.213469712356243964e-02 1.113553891749928006e-02 1.013065331367460180e-02 4.090658308274304489e-02 3.330169635166027597e-02
2.204873033000680736e-03 7.712535935828705724e-02 3.220061877293674095e-03 2.541796022693922075e-02 1.114452293945017262e-02 5.314623984823436953e-02 2.199412531018516553e-02 4.269950592862384320e-02 2.641956068643229461e-02 8.690114466131119986e-02
2.857188105737998307e-02 3.479441776172360890e-02 2.678656514817231993e-02 1.481502009720972284e-02 4.103061620425534767e-02 1.151473173122993278e-02 2.137787160628010219e-02 1.442406599321713161e-02 2.808283002810449402e-02 3.197905069512411991e-02
2.020557848371114761e-03 3.716102249852650495e-03 3.545485726657081858e-03 2.320825547847181133e-03 2.907634088017057271e-03 4.623577537153203236e-03 8.410934974859830783e-04 4.072581401668655399e-03 1.411240884724708174e-04 1.433743888622868515e-02
2.496252083422994227e-03 1.744947311310410254e-02 8.035261256607782688e-04 4.198578556377236502e-03 1.362287168895657229e-03 2.014170927249410090e-03 2.296300296075414436e-03 4.147941710821507165e-03 5.117050875084432592e-03 1.686325274924835305e-02
4.343978932461511899e-02 2.254818958446888622e-02 3.129939832869521599e-02 3.368899420092355546e-02 2.736675901509903058e-02 2.946594950211624264e-02 1.305955891330607375e-02 7.322957120362841819e-03 3.983663518757613042e-02 7.684043479768336814e-03
3.724254807956618686e-04 2.962571904498922937e-02 1.766403686446211012e-03 4.983663647630714837e-03 3.468595325687633645e-03 1.874235838401282217e-02 7.737362458185493251e-03 6.668319323235176281e-03 2.625333715052773596e-03 2.728144600325177471e-02
6.939663796712004741e-04 2.138621260372757481e-03 3.256422096576246051e-04 5.344371047563332934e-04 1.654951058937872966e-04 1.731075894480578361e-04 3.923834297810531403e-04 9.257149529320458882e-04 6.865336098125497622e-04 3.126609789882244493e-03
1.103742140921430996e-03 1.439623481738669213e-02 1.888890081103710176e-03 4.453797598162233078e-03 9.311419484764686325e-03 9.598315751919944336e-03 1.272259471480162267e-02 9.079521811316075205e-03 5.211762229090060282e-03 3.043487077919062103e-02
2.673608445369059184e-04 3.788726671757751928e-03 2.547282719954486975e-04 1.705161564485927579e-03 1.080649449139417159e-04 3.839528072919762823e-04 1.893061326071328006e-04 1.948016035322598259e-03 1.863225583134387982e-04 9.498365693265472740e-03
2.575083604669489712e-02 1.577395910840373450e-02 1.550357893094826515e-02 1.266595859856776800e-02 8.261983149764331666e-03 7.321180500599626904e-03 2.094403626452807921e-02 1.161021168758898450e-02 2.226718504790084485e-02 3.858160779877633194e-03
7.415732213713867316e-02 1.946125391049292885e-02 1.570353866304380341e-02 7.113709066155159653e-03 2.303730168603140144e-02 1.031825747318733909e-02 1.900999886510373882e-02 1.070733149583866402e-02 5.309715856485984486e-02 5.557547850657733844e-03
5.632389474010324713e-03 1.723823753075605055e-04 9.630840212278877306e-04 3.506270234811159256e-05 5.293459494901583398e-04 1.149752538001381488e-04 1.365620332569234202e-03 3.498584730771404873e-04 2.749155296132690073e-03 2.616924743633332285e-04
1.703122531593401212e-02 2.381863936860839637e-02 2.128339971031615804e-02 6.066446660719384230e-03 1.379062167198122184e-02 7.621156026297484613e-03 2.215584824962564189e-02 2.642807338566601459e-03 3.564757287050428908e-02 4.678945198252708847e-03
2.485303266381469478e-02 2.778841394110192174e-03 7.573052981212752797e-03 1.255476611118160361e-03 2.780885506177416689e-03 5.498711538882340320e-04 6.391791347499189112e-03 1.376327793817174209e-03 3.590709013636365216e-02 2.455541886298844532e-03
3.012294976496768251e-02 8.076811030712130468e-02 7.214875733743038311e-02 9.533104389931150446e-02 1.145008534093537728e-01 8.005375239385048580e-02 8.983646703910654063e-02 1.215455920612135421e-01 1.864050950110565374e-01 1.748550596539093782e-01
1.811837223573906086e-02 4.141918186473224350e-02 1.966541497760179724e-02 8.811337071774920024e-03 3.552150703358820938e-02 2.871642982720887596e-02 5.077908718897734819e-02 1.060213906393961229e-02 9.723792097435914050e-02 6.203628314897499663e-02
4.418601906554435986e-03 1.381038280655876201e-02 5.485841989733408058e-03 2.741617340635326382e-03 3.230295874414603439e-03 4.180288442001140435e-03 3.337194991199548579e-03 5.322128012434358636e-04 9.512730786597324226e-03 3.591760672117795495e-04
4.453555815546121621e-02 4.131021031369899038e-02 3.680501014709539054e-02 3.016595283022729945e-02 4.331282856559789951e-02 3.797344585810016881e-02 6.548401063520074838e-02 3.045088656847576292e-02 1.056980526574400198e-01 1.568457984098928226e-02
7.848521882349815404e-02 4.584585212701203227e-02 4.819959979429747077e-02 1.958785785587172784e-02 6.843284201244428933e-02 1.799892519741422975e-02 3.603429614556571958e-02 1.072386903907710486e-02 5.928698585238908331e-02 1.672465628361927137e-02
6.117112063029218200e-03 6.558254630666503458e-06 1.252472184143957378e-03 2.994905271696101066e-06 3.389031628590737110e-04 3.044255908762213983e-06 1.109187578032951342e-03 1.923070290412275361e-06 5.939915188474267048e-03 5.736071006372632751e-06
2.271347767001040061e-02 2.966064827946462423e-01 5.689316585345190885e-02 4.740705918780782624e-02 2.532555347699796955e-02 5.064112566778886104e-02 6.301797680246493116e-02 7.673245225407811232e-02 9.294740806813776499e-03 9.862470266586360890e-02
1.740852759987160034e-02 2.819775144311244220e-04 2.747579414241284063e-03 1.503554518339421072e-04 4.314378579275510595e-04 5.661000438593517966e-05 8.915530569359663218e-03 1.735173246418391128e-03 1.827783806303272945e-02 4.561442460817410026e-03
1.926264406232810339e-02 8.631337411234830904e-04 9.675339642839465501e-03 9.086057287197847566e-04 2.836316002048057221e-03 7.505732544408487243e-03 9.341317095742518103e-03 5.679862202326495767e-03 9.250116038384074632e-03 3.748382299807064000e-02
2.371391458496897549e-04 4.027415978538637607e-03 1.869930113825916636e-04 2.181720130708430464e-03 1.082002842588150821e-04 9.919498735924804720e-04 3.874364795742175861e-04 3.550911224214630714e-03 1.874258246828676107e-04 1.405393638257374823e-02
1.105275333534603138e-01 2.066633366665042958e-03 1.494290683367361684e-02 1.845898467795265311e-03 2.695862592996265544e-02 1.471513494809513489e-02 4.772161565024891222e-02 6.976375377880344140e-03 1.235930184988632552e-01 7.078693766989486991e-02
2.826799089558858225e-03 3.055773853507981106e-05 6.341383580182295568e-04 6.919698883152801648e-06 4.653656719542575634e-04 1.147036298142231769e-05 1.095619370222703989e-03 3.804728532533812788e-05 4.834420977267549734e-03 2.400340065664041648e-05
5.019009329715426460e-02 2.592769174854075293e-02 1.562450605721222262e-02 4.555812009872899603e-03 2.795801881357807151e-03 1.822632323331607176e-03 4.512034573852395127e-03 7.287542826495953209e-04 2.172879778104419221e-02 4.491236283987999579e-04
4.824173194788702879e-02 3.271585334480213957e-03 2.823062022496279980e-02 1.722271629704771184e-02 3.386732915121658943e-02 1.495653880355709946e-02 3.731158552523855532e-02 4.316236464312073196e-02 6.124047033014420882e-02 4.364441371112458279e-02
4.861344051076982309e-02 3.396213585108747400e-03 2.807330217245533957e-02 2.433090756366353830e-02 3.479288302537486555e-02 8.681393269188568060e-03 5.005936908518564959e-02 3.041092353750763505e-02 2.457637464642023484e-02 1.097627243339250602e-01
4.089318674473821358e-02 2.403553072041894612e-02 1.612058992086970455e-02 1.133697104834414937e-02 2.504981670217247547e-02 1.334386007332689743e-02 5.786362885867449291e-02 2.884195133863984295e-02 4.339803942218908861e-02 8.893724753162073060e-02
1.773032303778769581e-02 1.156140791798181437e-03 3.004463483915162901e-03 3.236599804321273156e-04 1.218165775364956488e-03 7.166372245337559576e-04 5.385405331816982104e-03 2.577528788581181195e-03 1.028430886335168597e-02 2.576334645218530082e-03
5.807588659825307052e-03 6.811866464517229124e-03 5.774502270313838954e-03 5.605533237798793027e-03 1.375984023480407740e-03 8.740891951437053040e-03 6.966889560131210059e-03 5.124260295430625549e-03 1.273614847367736695e-03 2.692881680107628989e-02
2.898543304265615260e-03 1.495584058919390306e-03 7.453189687947049625e-04 3.892966452308303750e-04 3.913848501032781281e-04 3.580922343635269708e-04 1.055521852562287281e-03 1.562317392124159014e-03 4.853749326445860011e-03 3.021841645599070668e-03
4.811529294025663995e-04 5.910127743158215784e-03 6.846064098606487137e-04 2.878767090045672265e-03 3.790519257841324470e-04 1.090178741324746405e-03 5.954467985553661647e-04 4.101322595769763511e-03 2.981684563196630678e-04 1.696560085800685042e-02
1.083817353535469936e-02 3.228010044911588570e-05 1.532227615281679060e-03 4.107086809019316518e-05 1.291893783951186857e-03 2.932843384415780120e-05 1.563609815174669179e-03 2.788151637523367225e-05 3.734197612621044035e-03 2.410123730586699568e-05
9.598477170261087896e-05 1.232332169192738337e-02 1.481846345468680289e-04 2.818554686153349441e-03 2.868301473012872544e-03 1.476351648944400482e-03 8.668952434719702461e-04 9.066694847567646418e-03 1.702317280826945445e-02 3.190339245822788883e-02
3.567520887040107058e-02 9.007146040026474051e-03 4.284996953940230918e-02 5.618307133884930388e-02 2.694851744797987364e-02 3.471587613983292964e-02 3.582657782758287557e-02 2.269061564488025762e-02 5.785088642701485817e-02 4.387581268540427515e-02
1.216882565144908890e-01 2.655175081063149145e-02 3.967142750042026988e-02 2.691152820519305405e-02 8.206103966243119552e-02 2.347654349434998705e-02 1.769268525276176951e-02 3.748927497959166077e-02 1.192389921743681053e-01 5.504573600897452734e-02
3.154265460373588924e-03 2.308165992258750035e-02 3.702957682596783040e-02 2.863470746276569612e-02 9.185847744007628532e-03 2.368591789184090052e-02 2.926226941048426511e-02 1.875175020070460330e-02 3.882321870978527878e-02 3.116535824892553708e-02
1.487377654701629685e-02 5.298843451459560837e-03 5.142378966804569095e-03 1.069492366701191126e-02 4.729355058243538655e-03 1.205295190397167975e-02 2.657045497672690625e-03 8.131854628437943169e-03 1.621652007317202519e-03 4.269550649269188147e-02
1.921534351689003735e-04 8.801464274470647761e-03 1.883975634116197254e-05 1.527857347683600963e-03 5.281769640369056624e-05 9.665933351960047078e-04 3.489297176377932587e-04 4.044972850407664404e-03 1.840613652360479876e-04 7.874670221906521217e-03
4.947725119914520020e-02 5.494892003098244236e-03 3.464241416773156113e-02 1.600304496109705710e-02 2.317191756084053395e-02 2.115975342195247980e-02 1.497312308000669882e-02 9.579269624245245404e-03 4.681929807131515742e-02 3.387348272057027175e-03
1.305691903661294721e-02 8.730546651732699545e-03 1.689720509294581965e-02 1.178940569962426931e-02 9.674998690663598119e-03 1.221773367750739019e-02 8.137515004807379868e-03 1.337856728092555285e-02 4.082388750962589151e-03 5.574446298798964305e-02
1.307672797559637605e-02 1.692281131460164926e-03 4.262225566995240383e-03 1.622183500517681036e-03 3.365539941823586425e-03 2.638291961414623767e-04 2.548043693593102493e-03 5.816719385422071354e-04 1.374170072142235667e-02 7.563740805372744192e-04
5.083570493177759844e-03 7.587798668509570708e-05 1.252097698609637346e-03 1.647406127277994928e-05 4.130989607210020279e-04 1.526303564885651628e-05 2.125545172883019050e-03 1.212447559174868424e-04 1.098727216795252100e-02 9.568401167006534611e-05
2.184537859470508242e-02 2.431346750096235153e-03 1.810685986114402360e-02 6.199204541405504455e-03 6.165426288536972853e-03 7.824985575968943993e-03 1.049573009447855865e-02 7.179046435031549538e-03 1.268691401086456975e-03 2.734951729413646546e-02
6.741795786401993083e-03 3.040192815944854588e-04 1.121591741455699480e-03 1.963303145108553601e-04 4.039575101313879054e-04 2.527493813398416778e-04 1.330354932471018324e-03 9.377375907506081644e-04 3.433811444297440139e-03 4.354231110727514687e-04
6.023895448728421032e-02 4.207223340804026879e-02 2.317251499354491817e-02 7.694058602336570525e-03 3.373850070717171468e-02 8.094387506980122576e-03 2.893066140663618467e-03 8.612682608395623787e-03 2.076955386679817626e-03 2.220078744670639717e-02
6.329629318389717874e-02 3.005918936145406638e-03 2.140294331610827216e-02 2.413570018299046605e-02 1.364444124190708311e-02 3.410746416273844478e-02 7.051898320289468058e-02 3.977761488477850327e-02 2.232979738294143049e-02 9.450367599858147671e-02
6.998634928355661200e-02 4.449733975578923362e-02 2.364957600420066614e-02 1.470087978643200462e-02 1.800666161792921494e-02 1.063513255522375960e-02 3.330614194044381748e-02 1.601290999825580319e-02 1.090074043625085913e-02 2.912609613133065531e-02
2.761844861903623577e-02 1.513471324964514890e-03 1.387317838248773756e-02 1.804428884483565447e-03 5.954664302309947178e-03 7.821471568831510736e-04 9.857701434639676644e-03 1.097901678281220121e-03 3.054172370380373730e-02 9.362541183079710295e-04
6.412656451499622280e-04 1.496747639990564198e-02 4.148912557927060497e-04 3.248625031679232798e-03 6.675645070548213555e-04 7.194751427862407494e-04 2.075741339113853189e-03 5.133886048804144585e-03 1.380378581940371356e-03 1.312003621136742341e-02
4.594578293097620336e-02 1.120996031678516969e-01 6.571775405852690877e-02 7.021113283771526770e-02 5.851383675645181748e-02 7.376331529751178895e-02 9.210147049444789014e-02 1.122162720956152715e-01 1.935032502836636359e-01 2.042672786922107298e-01
3.386032633345900655e-02 3.192730159626119835e-02 7.056823725558193650e-02 5.372563375362046645e-02 6.013239584256718784e-02 8.500783504802567059e-02 7.641503580268456386e-02 1.235589646745809261e-01 7.153904214902087610e-02 1.347643830555886879e-01
2.941302811577964360e-02 1.099789170709106027e-02 4.331483027674571523e-02 2.162671473158292446e-02 5.665543238908834350e-02 3.514684372835019666e-02 2.200737071235425724e-02 1.176960237273274971e-02 9.765965876698895487e-02 8.406499792090493806e-02
8.172902749549844359e-02 5.575087419368646158e-02 2.659958310509216717e-02 2.390406092740574723e-02 5.648272958016889445e-02 3.358551090055009181e-02 8.548151127566494534e-02 3.350325850421329021e-02 2.162282679112555728e-01 1.165399734396375814e-01
7.857876709474364749e-05 1.886809391949579055e-03 8.301212366137216878e-05 8.868292668899557763e-04 4.595795003893594905e-05 4.301147736214007140e-04 6.300219454348398771e-05 1.059476787967898346e-03 4.139238871211825175e-05 3.595610660333608925e-03
9.972381166175907016e-03 6.627563106068314015e-04 2.691215990872702739e-03 3.810412516470897083e-04 7.334827631110342515e-04 2.321383038322412189e-04 1.882033441187042381e-03 7.222882432594734579e-05 1.177395112275485094e-02 4.846395534532078843e-04
1.895097238533143269e-01 1.040817320576428555e-02 6.203834047037322386e-02 2.162811025211316268e-02 9.368230803699005571e-02 9.553765350889113425e-03 7.398127912239352288e-02 2.192936945297501924e-02 6.589184237599143845e-02 4.540998323745686592e-03
3.626177060735137582e-04 7.502325545766823887e-03 1.747098934889089147e-04 1.233423986801813641e-03 2.245795907048865679e-04 6.642071129480310197e-04 7.274159119376723227e-04 1.652630239632413940e-03 3.151631618837071004e-04 3.908502516168032258e-03
8.743963868391406088e-03 2.572161281301617308e-02 4.794499131126465225e-02 2.896942930731355795e-02 2.580984556866161572e-02 2.606345380402752543e-02 2.807356874357092719e-02 3.699512176896781190e-02 4.728818881613339881e-02 1.946812673072176314e-02
2.829779448814137566e-02 3.812401567291247989e-02 1.413316153077047096e-02 4.017342242754886467e-02 2.919890449620766992e-02 2.355031409622240779e-02 2.221714774289046401e-02 3.045210390792149613e-02 3.503848102637047157e-02 1.219768985796048366e-01
2.523791325166760413e-02 6.005858076577690573e-03 1.429242883608472341e-02 2.109239943734664280e-02 2.053833378968431336e-02 1.052895870478193045e-02 1.640343899253995930e-02 1.850479643081050923e-02 4.431402397491870926e-02 3.257327060291281828e-02
7.546221537288355283e-05 3.913414148766129232e-03 2.283859426867912405e-05 8.230882005907700456e-04 2.888852511591898437e-05 4.559163025575257489e-04 9.411292082643529420e-05 1.000145103307132190e-03 4.026313571300798775e-05 4.921244567571403904e-03
3.733974287559439732e-04 3.363984235661358208e-02 4.560429317969201491e-04 5.304510515059637429e-03 1.394409749799633072e-04 2.676514747768228477e-03 2.133719990165112675e-04 6.068272070280361814e-03 2.567029900525087628e-04 1.098450222034918870e-02
1.137150721757620719e-01 3.892766087903848371e-02 6.568587635848657791e-02 2.481927455931695614e-02 4.678682204432950409e-02 2.761015644051602672e-02 3.549366861805144935e-02 3.112959775229962034e-02 1.069179199534586733e-01 4.503194906283206067e-02
1.754894863204797817e-02 7.763381164324335794e-04 3.582896611412408026e-03 5.060868303467445884e-04 2.237617162721048780e-03 2.722572057256766528e-03 1.293588287160543464e-02 2.090813335336754418e-03 6.416386173596598519e-02 2.105408171460358691e-02
4.725392881850392322e-03 2.125345343672057491e-02 2.172304863633433072e-02 5.342654875878981822e-03 8.229253436462439716e-03 3.596870668027606598e-03 1.390795464800277832e-02 2.058881929756727590e-03 3.435124331678546250e-02 2.429822948189024577e-03
4.563855241682886719e-03 2.015998947291476292e-04 1.375799572310608008e-03 1.470152181726806469e-04 2.135061508514827524e-04 6.054636917487294919e-05 1.153435128311663558e-03 9.104215762770106655e-05 5.869202937404990016e-03 1.386783824653671190e-04
5.137309782104523131e-02 1.501314068751244228e-02 4.402818941196373626e-02 1.568467601063639957e-02 4.901408532632642312e-02 3.151048996852136297e-02 3.047717442072181426e-02 3.568048088839746029e-02 1.489083531129807014e-01 6.111905512088486314e-02
6.937490347387216538e-02 4.271629026249265659e-02 3.970634550483920222e-02 3.875706289148503347e-02 5.309593749758613479e-02 7.716066401672536101e-02 1.089037579424617513e-01 6.157618118280724917e-02 2.434852079748354436e-01 1.538786993048879281e-01
3.746657498427694022e-02 5.718396692032417204e-03 2.278952081377909333e-02 6.184455222172130506e-02 1.618819942553361563e-02 7.280859474421357003e-02 1.943134439360433285e-02 2.793858516461297792e-02 5.054781736534365300e-02 7.177030311054848587e-03
8.783954914717675977e-02 1.453962959004085065e-01 2.545689978684215204e-02 3.181743044582123481e-02 3.381223299798082060e-02 4.684921194522168736e-02 1.337264313820260390e-02 4.304128815774190681e-02 6.219787782383903035e-02 9.133400813607636670e-02
8.979364224910161771e-03 9.236397202264001369e-05 1.246292241059613433e-03 5.094591583075413674e-05 8.643819983732849805e-04 2.683718902899093697e-05 1.609657437658806997e-03 6.614357758521243933e-05 6.020930200654383592e-03 7.640103116893126232e-05
2.608894904576596410e-02 6.162377652791011483e-03 1.148509931481174820e-02 8.406806251173891756e-03 1.476846922984578585e-02 1.568658323225371326e-02 2.585413730677316169e-02 1.524804974199896537e-02 2.853062521943203894e-02 6.107328292031781979e-03
4.015465545635558270e-02 1.578237346301829573e-03 1.529532332403169513e-02 1.215849146651181182e-03 2.148288318588208873e-02 4.070593940777864420e-03 8.868197677145953431e-03 6.203398150755197980e-03 8.982961202554954824e-03 1.963935354510891983e-03
3.793472253741951572e-02 7.086887270583232257e-02 6.017927097736407681e-03 3.058728568735476216e-02 4.791679589347915165e-03 1.007765817921773242e-02 4.047916260249618224e-03 1.960232718834972743e-02 2.293313417357472316e-03 4.964020824892209638e-02
2.307273263616931025e-02 1.951472959532397596e-04 3.072603431549671138e-03 1.476146911164728478e-04 5.066055450387597090e-04 3.468586865609204117e-05 3.026525578146237443e-03 1.130030438878441531e-04 7.551488525960273028e-03 1.142062054219340447e-04
2.556298670457976541e-02 5.492469864682687775e-02 5.560330864210371281e-03 1.871388407889987282e-02 1.298675359008469136e-02 1.932483295561840397e-02 1.644157238082097350e-02 2.076747537369852403e-02 7.925590844704534510e-02 3.189524297246557061e-02
4.813161368144702745e-02 3.328941927062760951e-03 2.660713932923603614e-02 5.944845119104833452e-03 1.341864142129075947e-02 4.738020468101829773e-03 2.327371181062241196e-02 5.704431853680746144e-03 5.132039015854710472e-03 2.236461713321183722e-02
2.038613445801858159e-02 2.993534255895212680e-06 3.773312736644250827e-03 1.536357430365452758e-06 2.189037683630038490e-06 1.209330563049577706e-06 3.768773463254641680e-03 1.392314319648534537e-06 2.036266783631844601e-02 3.046302753966333397e-06
2.356986507211633608e-02 3.402994574983878029e-02 8.802549295867071952e-03 2.455822964472260256e-02 2.415321535241893303e-02 2.608698342368245826e-02 2.243479971000431061e-02 3.777703043309778991e-02 2.190974729846642544e-02 5.943210211504534879e-02
1.054452650172884969e-02 6.969280858050883043e-02 1.179689838652837712e-02 1.944072755183954768e-02 7.102514192301915587e-03 3.588776221548956036e-02 1.712462798344940862e-02 3.487369767266281645e-02 5.268442221524904240e-02 1.282744703970993827e-01
5.543383114782308996e-02 8.834973791181553737e-02 3.254396313402752733e-02 4.164813741732999175e-02 5.010851264775544045e-02 1.854877733546708707e-02 2.374601413127712390e-02 2.037791761359777909e-02 2.745762487077627045e-02 7.963581752611552031e-03
5.004728800343304605e-03 9.551440235455869662e-03 3.820580967453037456e-03 4.862859304746276583e-03 2.435100515954356434e-03 4.059444953185603090e-03 1.159980498505338046e-03 7.414729008866484915e-03 1.685513087623407040e-03 2.146137886120531163e-02
2.710605541605116920e-04 2.318635337847518504e-02 1.838256243828416089e-04 5.713019014073764459e-03 4.215213417960667584e-03 6.567994618378301432e-03 2.845256070785505929e-03 1.164999994754437225e-02 4.052542623788387387e-03 4.850561294305257704e-02
3.959350068369948093e-03 7.934838207371186134e-05 7.110056234166357110e-04 7.328346074491381610e-05 1.459448257864653421e-04 2.757251172266189762e-05 7.338105693895307464e-04 8.430430865986781783e-05 4.865740560496551424e-03 5.765378554975397383e-05
2.548475453284228210e-04 1.253511378911020650e-02 1.306752816765805977e-04 3.083780897908689183e-03 1.105452315104053080e-04 7.411814496631985395e-04 1.349455882054316795e-03 6.680749542388432494e-03 3.024878644997757403e-03 2.804690771396041796e-02
2.466792291603374897e-03 1.508631954700034687e-02 6.398888391631689897e-03 6.888660845361909389e-03 7.322753151659366043e-03 3.229954215957036266e-03 5.255621049619635908e-03 1.247688233594187839e-02 3.594129715490012450e-02 3.436602849338074583e-02
1.689484403545355728e-01 1.166503415297051420e-02 7.288519320911951427e-02 7.520429651574038997e-03 6.978917258921357725e-02 6.548434654951195387e-03 6.379041763543916166e-02 3.196254223791681302e-03 9.582778746392700553e-02 3.067765425634110497e-03
8.731136480286531484e-03 1.520126097018363424e-02 1.085745591775552459e-02 1.608119399527401265e-03 1.466015416467169978e-02 4.613307529076067330e-03 3.803413445685196927e-03 5.543955546253058995e-03 6.259643937317565209e-03 7.224677590814381455e-03
1.678984638362051056e-03 3.510773938351529309e-03 3.365601862221127795e-04 5.874604049382119121e-04 2.130895338796817749e-04 2.403699642917687647e-04 8.160657003378816955e-04 1.047189354200539794e-03 1.097279929018506487e-03 2.632322926894386204e-03
6.530071937431823868e-06 8.051805268669260870e-03 2.789210923260064777e-06 1.887288673439477781e-03 3.649712307851028229e-06 4.507964901408904380e-04 2.309316305229956977e-06 1.770436783995001095e-03 6.085931504777984911e-06 8.457205256520822570e-03
1.808749157303918276e-02 1.949674385066925105e-04 5.140193336270187409e-03 2.901359123021299800e-03 8.470417258636809069e-03 3.241408973902764300e-03 6.043793063430545100e-03 8.048076190904808816e-03 2.704145739372433577e-02 2.590778786695390433e-03
1.210386091157142179e-02 1.214396393783080813e-01 3.046497726217564650e-02 3.129526121290984730e-02 7.106798054243937401e-02 5.610353743850324260e-02 7.256742208569000319e-02 5.598518892490039062e-02 8.132863035751301817e-02 3.756236574383531313e-02
6.530711992534279919e-02 8.539620187108990998e-03 1.892121794033280180e-02 5.135170268245565182e-03 1.749854172287452353e-02 2.559636963356968532e-03 5.135642600468530959e-03 5.118445072831218599e-03 1.859531470014549881e-02 1.216622763075977769e-02
1.364983522832159124e-01 2.506285672972617395e-01 4.697402157805062595e-02 7.524363214473511752e-02 2.643780214394574404e-02 3.092559995098939640e-02 5.935868148764632257e-02 7.446931087968557128e-02 1.216072614378748834e-01 8.777480542311766332e-02
3.613631119254953616e-02 2.492750717945724226e-02 3.650392681632830261e-02 8.181804029389614860e-03 2.982487950697569612e-02 1.736748179595036176e-02 9.757936620426639618e-02 1.157646838129831358e-02 8.007753567550600360e-02 7.393426405102736763e-03
5.615511073586068602e-02 8.000856823821078656e-02 4.971872482398043136e-02 1.148306205106028148e-02 3.045475744175268895e-02 1.767393984856907574e-02 3.454863986756344374e-02 2.825323098540688527e-02 2.776714810273159251e-02 8.204540502531658397e-02
7.299486390212139852e-02 3.192132602940359054e-02 8.282092249923359017e-02 2.072514133249282742e-02 8.067370890514791171e-02 2.638736496923387020e-02 3.580022376461292760e-02 3.504017008431049851e-02 8.467277579357729289e-02 4.549634062944596380e-02
4.010035875800162762e-03 1.589115939512876182e-04 6.062002892728419979e-04 8.904593396646159529e-05 2.418453357524520989e-04 9.000778796447895126e-05 6.821943076594339612e-04 2.398017858429986012e-04 1.862737689962367131e-03 1.085396577445708573e-04
9.878674679933318790e-05 5.278803096427009921e-03 2.636706782012981890e-05 1.431947389733313368e-03 5.768455213327419880e-05 4.045200103529482177e-04 2.453858115640795935e-04 2.252588476197141427e-03 2.623743108137445391e-04 1.106174276669090288e-02
1.528262010522465041e-02 9.388216726891466732e-03 7.572680472984357446e-03 4.437412617165791516e-03 6.668643547203927276e-03 9.718545404967658024e-04 2.389087304456534444e-03 1.612917385565125787e-03 1.155572536834939372e-02 2.332263836235386710e-03
8.888967097580517673e-03 1.432599525311984941e-04 1.981872619306422091e-03 1.014646751514848252e-04 8.680990477718863790e-04 1.268122827275176855e-04 2.410080747752932264e-03 2.969374080174631792e-04 3.300094848455246109e-03 1.559452782002580492e-04
1.637552896650720097e-02 1.402965912258107321e-03 1.243507000889448703e-02 6.835099054179650212e-03 6.073765923227259465e-03 6.671828159159258996e-03 2.429316607508615056e-02 2.319034292023080743e-02 1.221708592035585794e-01 3.778847100558016536e-02
1.042394402072163544e-02 4.662347951483217928e-02 6.022144857138087004e-02 3.660351697243427460e-02 2.596086515292175823e-02 5.095851502077027029e-02 3.732478160115881849e-02 1.409851597820230111e-02 2.635571116225818300e-02 6.821610701365046769e-02
2.356883955217093892e-04 2.419879943209017267e-02 5.256700232480937172e-05 4.828083787133908775e-03 1.060508161598472957e-04 1.481118886362733011e-03 2.260393564227903792e-04 7.227206641194104664e-03 2.277579412995046589e-04 2.813690545386915431e-02
4.662516101885527675e-02 3.540599344266096016e-02 4.186644299803610192e-02 4.289879886196733272e-02 4.267605727673506877e-02 6.346818228022099717e-02 6.481115497163661421e-02 6.468146543546315907e-02 1.048095954943275565e-01 9.509264656442832295e-03
1.633581849049928203e-02 8.862183829371741983e-02 2.199779217735097631e-02 4.782152632308821899e-02 1.004404945891892824e-02 6.936765818613767343e-02 1.505751577662542591e-02 3.817041080517782903e-02 4.180305900133767481e-03 6.959888284753956711e-02
2.048926896672142976e-05 1.551375689330161982e-03 1.031871560098246402e-05 3.795443345338383448e-04 5.321150464357035255e-06 7.761484988148991044e-05 1.834672794014707812e-05 4.514412545489567994e-04 1.259786031068588189e-05 1.951100171573522416e-03
1.568909070000720080e-02 1.382253093714359523e-04 2.363951357906470506e-03 6.386643081226256089e-05 7.162635519111858846e-04 5.023293533874833737e-05 7.986722047035160407e-03 3.448514622199767799e-04 1.744412134014084945e-02 4.986111338819700046e-04
2.886320428995841833e-02 7.990429481615481068e-04 9.696201339820411172e-03 7.000774188481777250e-04 9.386365679295889317e-03 1.027823405824330495e-02 1.858943264679178628e-02 4.093084802617690497e-03 1.237607061801740231e-02 3.200127009171040149e-02
2.354325891805723013e-03 2.290166396442983002e-05 5.158291190571101829e-04 9.010422355347879865e-06 3.394155315133832486e-04 1.132879678894199768e-05 7.730685544958092051e-04 3.253970559497537294e-05 2.222030151010470460e-03 1.651712967484686404e-05
6.209924005394912988e-02 1.540158216977292709e-02 2.218274316755998107e-02 1.067651089383897349e-02 1.305061623247696402e-02 1.339528761572621011e-02 5.776547299229449310e-03 7.899804580070436634e-04 3.692268945398159696e-02 1.029995908813390341e-03
7.980888839823395073e-03 7.906204669680107168e-04 1.723495100271670325e-03 3.472868035053051873e-04 7.364074467704951775e-04 7.233649471585228315e-04 1.415628972075296281e-03 2.931193292225033574e-03 3.446871993566496227e-03 3.740506318173852061e-03
7.515427772375728134e-04 2.276651932043755044e-02 1.141901786415890378e-03 6.548103880562059463e-03 3.380876641224945644e-03 9.708071039463720894e-03 3.845058949998785523e-03 1.755830613036893362e-02 3.297884126438205971e-02 8.947098693882721276e-02
2.180665416820464463e-03 5.851750473882035009e-02 1.241447674937292160e-03 8.397359833148626551e-03 1.095059617773992341e-03 1.023025861465931552e-02 3.258829068088469304e-03 1.456340881478509520e-02 2.433720958902234853e-03 5.154546711750238042e-02
2.448349269897462377e-02 1.591424179230610872e-02 1.212519298291175711e-02 1.068492146807177405e-02 1.513504455616620538e-02 4.635124697656810809e-03 5.301025126563454169e-03 1.115937431053524130e-02 4.663932054118088977e-02 3.985008082739243361e-03
2.428787254966163073e-02 2.372953489414753037e-02 1.451097568616635351e-02 2.862504337320424461e-02 1.837711950579497266e-02 1.381449014120791040e-02 1.057865050954328060e-03 2.118031487860058681e-02 9.122417712973664118e-04 4.632688650484270004e-02
4.498868189828555963e-02 5.457469912573624515e-02 2.875231123801408328e-02 1.145855069368681249e-02 1.392747179589470634e-02 2.566929656247744773e-02 3.002422903356272849e-02 3.121529448871271373e-02 4.558486793595187270e-02 1.043865066823978227e-01
5.607685090205248579e-02 9.957182787540161395e-02 2.395968195408407220e-02 4.715102772859480762e-02 1.350670269603196187e-02 5.008167403075367008e-02 2.142350968707981695e-02 4.811526688125334489e-02 4.273693397710721931e-02 1.065491989451425141e-02
8.150029343750864186e-02 8.972055626342803625e-02 7.718334761115014375e-02 8.374185137951867253e-02 7.745170517250124509e-02 6.618922032423905921e-02 9.948144137372261220e-02 2.774153064851578310e-02 2.309664983474683242e-01 1.340525346326201517e-01
6.962881353775079996e-02 1.904275652283990428e-02 1.391333765747171103e-01 2.420478389500686084e-02 5.964203463281803758e-02 2.397916770910915596e-02 1.649087721299441131e-02 1.938923060902057738e-02 5.758372030778628747e-02 1.162111235789184231e-02
8.568800205593075882e-04 1.950298452875067617e-02 1.575073231727248631e-04 2.167649420985187474e-03 6.878897504941139168e-04 1.891193450795338122e-03 3.118890415540405935e-03 5.746097534218042556e-03 2.317547624413994999e-03 9.815276540040022632e-03
4.638872612269393653e-02 1.579108661042742971e-03 1.513858312784524367e-02 1.482509114534942378e-02 2.406582176481981972e-02 3.421211868038480895e-03 1.498487316371541374e-02 1.792822100898348175e-02 1.456835783983575876e-02 2.338876552359672734e-02
8.237857016724904570e-04 1.891460478265243050e-02 1.284578028436906020e-03 9.565577557940107764e-03 5.272042394806843689e-03 5.801898634146442600e-03 5.461212422157911937e-03 5.176175699436564963e-03 1.732341004209964411e-02 3.987051255009060012e-03
5.993456845821185097e-02 1.154050334870385802e-01 4.994723494499444388e-02 3.351740442116649121e-02 3.121499857756005608e-02 2.331934603868948686e-02 8.539656949614639336e-02 2.789947791855174747e-02 1.298770087597912737e-01 1.103700585647772459e-01
5.633708536032502878e-02 3.117973529487186660e-02 2.420750859886143871e-02 2.098087391493168828e-03 7.466158370031562332e-03 5.221701125402760692e-03 9.666179428644542174e-03 5.924169230138641397e-04 3.309805804302036469e-02 3.440718060962734371e-04
6.055567959301315882e-03 5.863780963922121670e-02 2.500801869209436611e-03 1.086769628647647236e-02 3.253728345556649269e-03 2.061244442092785220e-02 9.682723717867628907e-03 3.401121718008780909e-02 2.415920371817881218e-02 6.105872604710535501e-02
1.040590915404205341e-01 1.023215114642320005e-02 5.121763614537577780e-02 9.824799393176956649e-03 3.254950731036880540e-02 1.842851482620217612e-02 8.710235922572830136e-02 8.934286614027201964e-03 1.538460352084481675e-01 6.881854506407945882e-02
7.526160989950208234e-03 6.594741157338869465e-04 2.469405440444621784e-03 1.017642552486596212e-03 7.508298933154561707e-04 3.206213905978080501e-04 2.494162755452971302e-03 5.993845104313642825e-04 1.136246469067295033e-02 5.160571247655722183e-04
6.996415920357634821e-02 3.620684262246728902e-02 2.609638080717095396e-02 3.187647874441815188e-02 5.224293660607753041e-03 2.446300650661630688e-02 2.133200547394933227e-02 2.040369719666788872e-02 4.047252437525155309e-03 1.044821899947527138e-01
1.569969070239438449e-02 2.227202239030555940e-03 9.293130846082896593e-03 3.776020835570158794e-03 7.366627977580661978e-03 3.512128648793340878e-03 4.564619364411552811e-03 8.111992215636122617e-04 1.470601186326630887e-02 4.010678822430603597e-04
1.468029597673325103e-02 2.770691718427225302e-03 1.639244144910150273e-03 6.109137977241507929e-03 4.212679504473309904e-03 9.094403665620266405e-03 7.968421336561605462e-04 4.057789920352339492e-03 4.032416384239502450e-04 1.553590015408191569e-02
1.055346033358114770e-02 4.068927252311143293e-03 3.355849170027936333e-03 2.439112334821510152e-03 1.969529967414325108e-03 1.129814943705141411e-03 5.988796795628275292e-03 1.196472816700966694e-03 2.465290527094776696e-02 1.829494830550530996e-03
1.071683058847214542e-01 2.857752627704961655e-03 1.470435323473922098e-02 1.992987317829568970e-03 1.324383907131007794e-02 1.747194443850377766e-03 4.023748581712207478e-02 4.519953909268902524e-03 3.741300339150414184e-02 5.527506231601502472e-03
1.615005511927774251e-01 1.051873140257109929e-01 7.196171380958549246e-02 4.264050836739471939e-02 1.298407143993580148e-01 1.101943535327680468e-01 9.816686223207486683e-02 9.154977693346472156e-02 1.338202530510584076e-01 1.021349361324473126e-01
1.942803553813629569e-02 3.800479809870203202e-02 7.819344541430487891e-03 1.358926621548253548e-02 2.982445091477821386e-02 1.265960632897324654e-02 1.730222302194936446e-02 1.256685394660378256e-02 6.954877939212649428e-03 2.638114344353073570e-02
