4.798833391946571325e+00 4.662854099066410588e-03
5.603424907399827681e+00 2.785973525518690378e-03
5.004207025874547021e+00 4.837455800588322252e-03
1.473695338709948999e+01 3.033985562468437171e-03
4.170207438620285423e+00 3.467513922983195707e-03
5.155748656519820727e+00 2.934080682599736652e-03
4.826534040036137618e+00 4.915722513917284570e-03
2.946473638281034368e+00 6.211726920933678155e-03
5.365127085322654921e+01 1.552265255277808867e-04
6.184840630963974739e+00 4.137177034991327239e-03
1.547866670299596414e+01 2.791608854702529782e-03
9.390326772275281897e+00 3.642430906396276497e-03
1.000846174862378035e+01 2.350407378238758560e-03
4.673998963732882928e+00 2.983333013308107993e-03
9.566363550797666093e+00 2.098553957017295236e-03
5.507992963835456557e+00 2.701696001679674154e-03
8.589437470419889920e+00 3.297736993644057989e-03
5.107032868770652101e+01 2.842636656782221113e-04
4.554168183391896108e+00 4.543978217874845502e-03
4.052379517559368871e+00 4.817633028415204202e-03
2.873221248947927720e+01 3.147367226904053254e-04
6.526228732659379084e+00 2.822090849484303401e-03
5.873542338997824075e+00 2.844224113457851852e-03
1.680683654288686668e+01 7.457847447747055448e-04
3.514691892661133465e+00 6.285572314609370360e-03
5.467863797260266168e+00 3.378495391324750838e-03
1.328694760088572835e+01 1.462122405894911810e-03
4.364592847364381356e+00 3.184137406504000244e-03
1.705229835084936241e+01 6.045954936729388803e-04
9.023139588928426491e+00 1.341901935244513505e-03
5.029725396786454361e+00 5.319908438559519358e-03
4.132269564468754375e+00 4.299469679313341029e-03
1.075310505667379068e+01 1.681818576623579468e-03
8.768105795695007032e+00 1.739599532150735029e-03
5.195170124865835071e+00 3.574037394926458684e-03
7.181600976848419471e+00 4.015467433028001472e-03
9.575446313577950619e+00 2.182463560945601538e-03
2.871721326262187901e+00 6.342382634954499276e-03
5.386515064174012934e+00 5.198667376490636108e-03
3.510916715857693493e+00 5.073049785988614085e-03
2.234357197856496313e+01 5.707118515719709299e-04
6.184020453109241089e+00 2.698524276865525186e-03
8.509630638439571015e+00 1.637135552879989686e-03
6.439065030895537056e+00 3.008047971995083617e-03
1.845133966219157884e+01 5.134265028784147861e-04
7.059158775498796778e+00 1.665472681500576547e-03
5.831024112938770543e+00 4.119078409678279123e-03
2.130421556483937096e+01 5.095357930797210153e-04
1.037189350396992360e+01 1.680971787261485457e-03
3.642389278970564970e+00 4.660134949328555674e-03
4.472627990171002210e+00 7.616318323091940748e-03
7.176712282810938426e+00 1.756906919031143424e-03
1.698848524990848929e+01 1.862746397981176853e-03
4.131010973371566308e+00 3.363732319882809831e-03
6.582250643244389465e+00 3.115265522138449539e-03
7.204035842968655956e+00 2.273741603449079031e-03
1.126576688512727742e+01 3.199157712539629512e-03
8.222959944937594301e+00 1.807927966953629768e-03
2.861867510339448639e+00 8.744652350904781254e-03
1.374519314277110382e+01 1.665634633781038539e-03
3.303093293478505802e+04 2.025081503929422543e-07
2.604373415819222259e+01 4.026602373935960974e-04
8.257343913837967619e+00 2.702927429308672313e-03
1.239666823992401845e+01 2.323696888737747553e-03
1.068854765763312464e+01 1.161860713786890507e-03
7.805837216727886663e+00 4.708944391930826832e-03
5.768280358153595699e+01 1.490679897564889942e-04
4.113216520639644713e+00 5.182551009664767769e-03
4.292360514152848694e+00 5.819989217219511714e-03
6.622583706784300972e+00 3.574332423475695426e-03
4.764292373517627688e+00 4.922881692355950828e-03
5.141952692441801531e+00 3.267767480528707951e-03
7.386813490404186666e+00 1.842659741549270520e-03
4.077642528684820356e+00 3.729979657331560297e-03
3.487674577819471544e+00 5.463983435809120943e-03
3.926830865563254669e+00 6.500909930789842799e-03
1.021957783845627006e+02 1.091444422065561870e-04
2.886376668476938434e+01 5.915278260601239532e-04
4.051115974555932198e+00 3.576897562015709034e-03
1.728219224101385620e+01 6.153891153469272539e-04
2.430848028523997328e+01 5.866543299329881949e-04
1.015512536102230001e+01 3.119856290799173648e-03
2.196806251155287981e+01 5.355700326042369883e-04
2.846859078409599064e+00 6.126453237913639764e-03
5.610376389836154942e+00 3.665183863138605103e-03
9.292868652716537170e+00 2.736849659121030724e-03
2.933184852835137413e+00 7.666677003422247942e-03
1.079980734600569647e+01 2.640556080848917905e-03
3.687077706761768603e+00 4.240661945054963709e-03
2.658625680398072788e+01 3.525887595160597790e-04
1.235314685516947719e+01 1.074730255658949392e-03
1.624032504986542591e+01 7.620596394070836390e-04
6.526617619626858158e+00 4.701558799505346255e-03
6.122461204236170573e+00 3.698220053428885774e-03
4.262454621111247732e+00 7.846810552520512919e-03
3.289439562512645576e+00 6.284944532134750100e-03
8.311924177525058965e+00 2.574386109194239710e-03
4.137177951606196835e+00 4.518370425639544295e-03
8.185549767829376933e+00 1.472694801543463633e-03
2.582875476304043616e+01 5.936245888114778267e-04
8.267552058576100649e+00 3.076596653101625316e-03
1.241317970826421657e+01 1.615274644973767196e-03
1.259974493732364387e+01 2.678927241261322336e-03
1.396963817413263698e+01 8.381406774505691885e-04
3.389153976487747144e+01 4.402436956143176592e-04
4.347503911264220200e+00 4.414853119392383833e-03
4.289557650075885853e+00 4.157451698280135478e-03
8.763133334950744313e+00 2.320157708454365260e-03
5.963827318524233867e+00 3.544939886807050092e-03
1.547363304013811103e+04 4.329710192627475911e-07
1.193936530529047602e+01 1.224149047337206751e-03
1.985747165634461808e+01 5.419632617497674920e-04
1.171596584415993014e+01 9.385060470769795516e-04
6.130676385923496952e+00 4.780642849460846160e-03
1.620538862288968858e+02 4.798610792762515438e-05
2.789170094263203481e+01 3.621923878316531359e-04
5.518027118685930787e+01 1.563855303160045036e-04
8.452360071628742588e+00 1.903615215734664502e-03
5.930959526128940063e+00 3.488393525016782442e-03
8.163152732975067494e+00 4.087650511397883206e-03
9.012346331213990425e+00 3.407642938568719061e-03
6.877322094366369321e+00 3.426252063847382099e-03
1.348280961157644420e+01 1.145173367305575909e-03
9.704776660790262355e+00 1.136691076446183371e-03
4.959315772699714131e+00 4.129653808405965056e-03
5.498657781909820130e+00 4.790919822919180102e-03
5.079055674564498801e+00 2.784308873678919237e-03
5.701634806261552058e+01 2.206824462757666521e-04
4.467099551748333397e+00 4.100087801015142759e-03
1.402898886465612627e+01 1.302337428790491594e-03
3.368318903903477324e+00 8.195116776831452149e-03
8.069073688772185449e+00 2.121493475949361423e-03
9.172988925237227420e+00 1.604067077113471677e-03
1.172727433601609448e+01 1.396115844179617559e-03
5.595942040133977002e+01 1.548705653469580361e-04
3.923437510516045279e+00 5.085691556082453345e-03
1.871946518054487640e+01 5.197631549460522086e-04
4.728457016488666120e+00 5.085852248716582133e-03
5.220324917315224411e+00 3.824274448746237554e-03
5.314086782878999493e+00 2.897926239112189137e-03
9.753479666382895985e+00 2.059002251122960848e-03
1.510985299004222249e+01 1.657435901101604213e-03
1.604701267900648176e+01 2.564900359445568094e-03
1.021868258393712026e+01 1.920139988487304340e-03
5.788825039041658016e+00 3.288853662372391747e-03
2.043117935279990860e+01 5.736470951816658717e-04
4.986990059290604904e+00 4.966680817679780882e-03
6.613305079586541346e+00 3.082803526023853661e-03
6.247795178135254979e+00 3.555850964001707176e-03
4.229023032736777488e+00 5.666995857929043971e-03
1.743439816668200137e+01 6.358386767105806987e-04
4.891926004105956238e+00 5.171440856719845477e-03
1.071761858263380951e+01 1.755937948443912766e-03
5.012202118417043550e+00 5.923542408547487030e-03
1.528936723050089164e+01 2.361535465117637657e-03
7.590328948790718400e+00 1.973596969020258770e-03
5.814742369426906698e+00 3.236170882429636325e-03
6.369624214658237804e+00 2.076335787010450632e-03
1.139798721330076887e+02 7.261546564166747189e-05
1.364623494551577032e+01 1.013014306900820744e-03
1.580337233202628155e+01 1.242892662650929136e-03
3.399328755570903837e+01 4.334832950671098752e-04
5.489690446235126586e+00 2.953914608113132959e-03
6.006129685442809674e+00 3.135489781354001450e-03
6.727184289399675166e+00 2.822396236483858557e-03
1.340489207566096042e+01 1.817951323732522068e-03
9.301141522966476671e+00 1.232976418089541280e-03
3.098811621961963780e+01 5.939050445935732322e-04
4.726228022212143109e+00 6.048008091779770098e-03
1.015297472334501627e+01 1.262164149875513557e-03
6.548767668672096143e+00 5.205996653149178900e-03
5.217390865167327973e+00 3.730753561020346779e-03
5.986298058013216128e+00 3.601027500271572132e-03
4.344853229217680024e+00 3.547480477692540029e-03
6.967751127214095064e+00 3.016211973815107524e-03
2.601801006882831224e+00 6.058679315926899199e-03
4.705763968736479619e+00 4.803515446185591467e-03
3.931082986454316419e+00 8.641901233366042212e-03
1.634220268011911870e+01 2.386977235809819350e-03
1.334516016690321294e+01 8.546778623147268696e-04
2.381778570942678286e+01 4.030192475797490857e-04
6.221588493777504425e+01 1.668303264331272740e-04
5.414678157257201363e+00 4.089467359942942047e-03
1.984935088426816208e+01 8.611570123895763255e-04
3.653809163229534107e+01 2.419206546697327733e-04
1.245628535473634102e+01 3.211476055649490225e-03
9.234912303655695709e+00 2.589740868437772313e-03
3.379272242765481327e+00 6.248421491952655359e-03
2.545618090977210457e+01 4.077576666362505613e-04
3.760326928305529393e+00 4.032729968297383769e-03
4.734438702290805878e+00 5.271528512352672592e-03
1.700369918924541679e+01 1.090678702235730593e-03
6.849491964516620790e+00 3.877182044655665735e-03
7.440439812113151419e+00 1.748841208437756315e-03
4.543070208167399926e+00 3.237315800692182853e-03
7.254409708221463582e+00 1.942518233607786826e-03
9.089509517606458644e+00 4.419806584143616372e-03
8.253537559224042752e+00 4.137010476355843652e-03
1.251606885913198575e+01 9.498573261135008104e-04
1.510156793736864955e+01 1.459564752529017833e-03
