4.984146737407595118e-02 1.610341948689561486e-02 2.048340120274320594e-02 1.142899306642084639e-02 1.127471190726882753e-02 9.105374535330236149e-03 2.580515327510934237e-02 1.741263648902775449e-02 4.804288684510149565e-02 1.382291175665171373e-02 2.450176738900331982e-02 2.450176738900331982e-02
7.786597882371212691e-03 5.750097405482122725e-02 3.374141201084511661e-03 2.774351556016875150e-02 3.450393037997830092e-03 1.724524242634573740e-02 8.713785545946291580e-03 4.072163616667057173e-02 7.371209209452648028e-03 7.985775496677882668e-02 3.181353792884369924e-02 3.181353792884369924e-02
6.231189225850437829e-02 7.662245374673088381e-03 3.274912208210434272e-02 6.272799468645917989e-03 2.171242810354294742e-02 4.441447419794204016e-03 2.501796783454175027e-02 2.621647316777792319e-03 6.431607677948820989e-02 6.855170223315411142e-03 2.395153653278387154e-02 2.395153653278387154e-02
1.435205684779705670e-01 4.380294602678221766e-02 8.061605737481188083e-02 3.322475460113013396e-02 4.748038100335770506e-02 5.667681120074098688e-02 1.147710221398532127e-01 1.089114143815196750e-01 2.165764744263370400e-01 1.978400497376229528e-01 6.363272746789765122e-03 6.363272746789765122e-03
3.506090378052527379e-02 2.375607022596560973e-03 1.919599119683094296e-02 1.925529491920878857e-03 1.220821754877295974e-02 1.365443279262081163e-03 1.916245940153157162e-02 2.075406400441235418e-03 3.552114096730164122e-02 2.175916324293202496e-03 3.536905785376740635e-02 3.536905785376740635e-02
9.048225587289339400e-02 1.031148627482377650e-01 7.288231607861826722e-02 7.573011592602033049e-02 3.853014171808062660e-02 9.971379794658882800e-02 5.975390042502634613e-02 7.515832066656163990e-02 2.155046997026391353e-02 1.272836531935997995e-01 2.961818367770326782e-02 2.961818367770326782e-02
1.211793145732808080e-01 1.484366416537058302e-02 4.717456714286356878e-02 6.587192503691533321e-03 2.604939941111231172e-02 1.097569534323315950e-02 6.391072900252803279e-02 2.172422625463834439e-02 1.052111012362472592e-01 1.586897255033292362e-02 2.545334196657571268e-02 2.545334196657571268e-02
1.044831490176117289e-02 6.132929906665894604e-02 1.114178506056927309e-02 3.815353851688496611e-02 7.510864573012451632e-03 1.996571728260029127e-02 9.315994265137446037e-03 3.655466337339072225e-02 8.864412457611277329e-03 8.963271859715184198e-02 3.644108743197865125e-02 3.644108743197865125e-02
1.749514216709781855e-01 4.639214101146775515e-02 9.365711101548535034e-02 6.187752425622047858e-02 1.725300837536541398e-01 1.469157568197521357e-01 1.944820395620385778e-01 1.399433655970791224e-01 3.635161917726189573e-01 2.525702989130769183e-01 1.623645005723707568e-02 1.623645005723707568e-02
3.539997622358197898e-02 1.137759727646695945e-01 2.380643535508731451e-02 6.466719068521721570e-02 4.899003800772117750e-02 3.758158993879406884e-02 7.638945260129080539e-02 7.405335334871893105e-02 1.523399464506002554e-01 9.971177492044074053e-02 1.669754631171825252e-02 1.669754631171825252e-02
9.803001695394355369e-03 1.220181517216855083e-01 6.042853012245234280e-03 4.530187661451388209e-02 7.184051425505392531e-03 1.525596316274244191e-02 2.748170372034524148e-03 4.656224021816657982e-02 8.373223750082604486e-03 1.094464441268098581e-01 7.271810620161489082e-03 7.271810620161489082e-03
7.457276382798964931e-02 1.594509080989981939e-02 4.633774237442388200e-02 1.435400203729185822e-02 2.678757001010430641e-02 9.467363829700146602e-03 5.236951904422219167e-02 1.422307493413598085e-02 1.096340338596161479e-01 1.310183689373398304e-02 1.136601342444719040e-02 1.136601342444719040e-02
4.157022770759784269e-02 2.083288378520208317e-01 1.277275194804089742e-01 1.560910308902197230e-01 1.358363436556721260e-01 1.512605536728304778e-01 1.092227598330659938e-01 1.131169734489954060e-01 1.370273455506016425e-01 1.548241764530826348e-01 1.389710448514666456e-02 1.389710448514666456e-02
2.370774112825221602e-01 2.970204677069437915e-01 1.953835477446181079e-01 1.965179653828515727e-01 2.310085988754725650e-01 2.781048233109641443e-01 1.867734150068437182e-01 1.569795703151214972e-01 3.042691526767999921e-01 3.390480468524821878e-01 3.264811360906757359e-02 3.264811360906757359e-02
1.680333296350561834e-01 3.420812784052824213e-02 7.324718715166242400e-02 3.616393951204599500e-02 9.842280940253991806e-02 7.604275777089412880e-02 1.183404072671790236e-01 6.113482617563816002e-02 8.716733678004377761e-02 1.520795354072298766e-01 1.638179384143089584e-02 1.638179384143089584e-02
1.114042654732888132e-01 4.938538297681497463e-02 9.409164134579489636e-02 9.488064547855941389e-02 8.071147817795860935e-02 5.768635838833077040e-02 9.163206260241955892e-02 7.258836510171440271e-02 1.138402673073868471e-01 2.156940542311487283e-02 3.144396321622697221e-02 3.144396321622697221e-02
5.074115088077492397e-02 2.053204524512272922e-01 7.918984361123795890e-02 1.074842736181262359e-01 8.541525573678077077e-02 1.158411362406357586e-01 1.086120232600790714e-01 9.541296470689751563e-02 1.202133745751562122e-01 1.098257908786379328e-01 1.199170706786285324e-02 1.199170706786285324e-02
2.986890641708550564e-01 1.977686784089527638e-01 1.888116288479473881e-01 1.560815067483412033e-01 1.302255447478914696e-01 2.061093921113964500e-01 1.525298408544484563e-01 3.136018933402079378e-01 2.378438130119669702e-01 4.076825875586098658e-01 9.802869885698423102e-03 9.802869885698423102e-03
5.958284215459188488e-02 1.685895907475810085e-01 7.974667543661717595e-02 9.598626574758679919e-02 7.497556285207750137e-02 9.747388394870401540e-02 3.554374972133354793e-02 6.305012682065289087e-02 3.679233594465739637e-02 1.118704537577009106e-01 2.402840067325480791e-02 2.402840067325480791e-02
1.918114972296304857e-02 1.287103389128993747e-01 2.550206905047476894e-02 6.965034113286257267e-02 7.419132593184492308e-02 9.224875802211202069e-02 5.315037162943775373e-02 1.044170405880792546e-01 1.510067362561884896e-01 7.702105118256981353e-02 2.710534763167411418e-02 2.710534763167411418e-02
2.923072276931862334e-01 2.813270515306103836e-01 1.208356200924312202e-01 1.241334419814982687e-01 1.580558349447561406e-01 1.896821353013773415e-01 1.705661016893141313e-01 1.271896339253220931e-01 2.835111396667303607e-01 1.542118703670515567e-01 2.108483849957125053e-02 2.108483849957125053e-02
1.962806010998532635e-01 1.624549218521563476e-01 1.457225604892785353e-01 1.085324913841716199e-01 8.673392669492679952e-02 1.208574780935601639e-01 1.815589961217013992e-01 1.077814032198257804e-01 5.068293375281904267e-02 1.459738028049309688e-01 2.081602943664373137e-02 2.081602943664373137e-02
9.214523549211722786e-02 2.066231330117487830e-02 5.982118203086954356e-02 1.228121880462760586e-02 3.818933865580192294e-02 2.033638583382891066e-02 6.477409977419111564e-02 4.589767505679782228e-02 7.127845660816668760e-02 5.966685483385376215e-02 2.746211719502721776e-02 2.746211719502721776e-02
1.889330507534012493e-01 1.430325341368191283e-01 2.005739491478384651e-01 2.033565705940657553e-01 2.357048814987046659e-01 1.855672325441928838e-01 2.624563966224820466e-01 1.471813414569438927e-01 3.280669156816767296e-01 2.099563662272866393e-01 2.095404449319595089e-02 2.095404449319595089e-02
9.615525686207679334e-02 2.880431349755310788e-02 6.149154639203285172e-02 3.152835123108202464e-02 3.341159407353370275e-02 1.842906039045976579e-02 7.468059039338746652e-02 2.669238967626887116e-02 1.407868563444612808e-01 2.500478675444060481e-02 2.917035905408923990e-02 2.917035905408923990e-02
8.176488138531305336e-03 5.809698211684583696e-02 5.427609161706665325e-03 2.239516656745466419e-02 6.933245530063014521e-03 1.959280014861856933e-02 1.080410500468328462e-02 2.523338537709650040e-02 7.494046259596683426e-03 4.287492334062146387e-02 2.715232985053766743e-02 2.715232985053766743e-02
1.822577375262288135e-01 2.327405809928082825e-01 1.559059449044897239e-01 1.662664101062433231e-01 1.497943204099671799e-01 2.493566597593510903e-01 7.971981553573889712e-02 2.204578692089291803e-01 2.429976842793020175e-01 1.977795649614545181e-01 1.475075314272403237e-02 1.475075314272403237e-02
1.148190174828686572e-01 1.093037613107070323e-02 4.976912566253601650e-02 1.054150743147638618e-02 4.604979890976943629e-02 6.138767401876173146e-02 1.026275682323381788e-01 2.347711408352425380e-02 1.864609928604655797e-01 1.294903412558385258e-01 3.358009742440014322e-02 3.358009742440014322e-02
1.092745641100329457e-01 9.046566337342572262e-02 1.111821615148023829e-01 6.472487251680499043e-02 1.354247625713889958e-01 8.029977742728025558e-02 6.657934844541636699e-02 3.490804512005659527e-02 1.729271223655921008e-01 2.951085073529079866e-02 2.557002320012360594e-02 2.557002320012360594e-02
6.086107529204523581e-02 9.247145236911870347e-03 2.311856133935971669e-02 5.265175219178372043e-03 1.491441085797041814e-02 4.673766444587033192e-03 2.784817102925773308e-02 1.022242403876718990e-02 3.971050317944017222e-02 7.309839950356970470e-03 2.790352881619024422e-02 2.790352881619024422e-02
3.853928882378126336e-02 7.250149011630038776e-02 4.059299784528511146e-02 4.856941243400204195e-02 2.729127778097246299e-02 3.876385357698283046e-02 2.710371283007391094e-02 6.844778774427087709e-02 2.933601790314995655e-02 1.326755121620284972e-01 1.990011522228000984e-02 1.990011522228000984e-02
8.601806071396607412e-02 1.519043922996076157e-01 1.204117222966443607e-01 9.414856256679254853e-02 1.047667881030735632e-01 1.216082585786493753e-01 4.809274655020477629e-02 7.795233394452115439e-02 6.690665890451698294e-02 1.949396090347786381e-01 2.868881406400350040e-02 2.868881406400350040e-02
2.925324025796057215e-01 5.438915913577276745e-02 1.594903048774938548e-01 1.663894234403157923e-01 1.362930675287079285e-01 8.104291274296406000e-02 1.765271165792362262e-01 1.805313329605430228e-01 2.754004975972580982e-01 1.153124481877391416e-01 1.882992015468636787e-02 1.882992015468636787e-02
1.732753250259162769e-01 2.031715799967415692e-01 1.706150216962191157e-01 1.757220828313151018e-01 2.425044681902263077e-01 1.953559953738533694e-01 1.094387721064878083e-01 1.785011450456089888e-01 1.898175131481683875e-01 2.059766594868669143e-01 2.677149151262402799e-02 2.677149151262402799e-02
1.587930849205238804e-01 1.170871273870967982e-01 1.197672195305474752e-01 1.432578174413932925e-01 1.026147857155308568e-01 1.606966766527842816e-01 9.286111329128844682e-02 1.005468489688140787e-01 1.222400688424659099e-01 1.827379305022064360e-01 2.715470872563062119e-02 2.715470872563062119e-02
2.020616103898328561e-02 7.570647082005747819e-02 2.339838184722541070e-02 4.462797345129209531e-02 1.840935895972663217e-02 3.015819574129669986e-02 2.109243879868780841e-02 5.213991444716765261e-02 1.577024361537870262e-02 1.035219864722437266e-01 1.461935940277511725e-02 1.461935940277511725e-02
4.079952505431592297e-02 1.335132835846227495e-01 1.035459808709989493e-01 1.331349926685911345e-01 4.281973102603452846e-02 1.098604194469094825e-01 9.892739676857136011e-02 1.326114119879951703e-01 9.155865490996834000e-02 1.885111118922673246e-01 1.447172670921882676e-02 1.447172670921882676e-02
8.526275068858914230e-02 4.792201849832100624e-02 6.971334401006684667e-02 5.211925047461166832e-02 6.458762422201273778e-02 7.104622348745998073e-02 4.204963249297760663e-02 9.376523931252847555e-02 3.886377807736272894e-02 1.095472023919801530e-01 2.928056213778119921e-02 2.928056213778119921e-02
1.975844413931212087e-02 9.733988268359622387e-02 1.546127651765072733e-02 4.046817617327521516e-02 1.178070631022694499e-02 1.789460408110679288e-02 2.104239546219547827e-02 4.795352935203222450e-02 1.727322411203596059e-02 8.819854782743176413e-02 1.850609487779862963e-02 1.850609487779862963e-02
7.145789326694015897e-02 3.366275129207447758e-01 7.165107773109273548e-02 1.717561288573699885e-01 4.628898847562307184e-02 1.662816308641708318e-01 4.775757452197269132e-02 1.213906187118840019e-01 4.727613800639379749e-02 2.347272571799615126e-01 3.172855884212444355e-02 3.172855884212444355e-02
2.366789507138760129e-01 1.828949730317820654e-01 1.544038688997642628e-01 1.261624096049486499e-01 1.080308272522588070e-01 1.383233796553594297e-01 1.604945989560504216e-01 1.952343648929019682e-01 2.767793731272209512e-01 5.518762173547980820e-02 1.702607550934718411e-02 1.702607550934718411e-02
2.601266741452138223e-02 1.132123567614240905e-01 2.965606105854348695e-02 7.204368038767362814e-02 6.691497556869591135e-02 7.750278857534147192e-02 7.550544876349821188e-02 1.183872805461106820e-01 8.695435643644310042e-02 1.335181370149716995e-01 2.344505002316914569e-02 2.344505002316914569e-02
2.418154822744158008e-02 1.977905168465097230e-01 1.944298680983115937e-02 9.295562901991961946e-02 2.887289116751912826e-02 9.247884035315699636e-02 3.601493722171863338e-02 1.267799937633938834e-01 3.451311727394886647e-02 2.401932274940972445e-01 2.765180952239540066e-02 2.765180952239540066e-02
1.079639172518411377e-01 1.498710546716090775e-01 6.781331191170197892e-02 1.117427776733661282e-01 1.419599743284299422e-02 2.642232613483821643e-02 2.596642294103986351e-02 5.750597021167959400e-02 2.545235871144518186e-02 1.443501751925921894e-01 2.314753234171260110e-02 2.314753234171260110e-02
6.172083496299779481e-02 8.320028577971332398e-03 2.721296546129724908e-02 3.833317394464374507e-03 1.444471905835054311e-02 2.404029889493710694e-03 3.081666634614789110e-02 6.462018789216781266e-03 5.689709322043591533e-02 4.998553675061896337e-03 2.501775616016858883e-02 2.501775616016858883e-02
1.623278376888050156e-01 5.282440856696652559e-02 1.116538269162039160e-01 6.270435875361761446e-02 1.067667934502171123e-01 7.321618101203074269e-02 1.220680001393035230e-01 6.279757813576905545e-02 1.952180215212149239e-01 4.527382182398613508e-02 3.056235484407017824e-02 3.056235484407017824e-02
9.493415937899891272e-03 6.183968917617881089e-02 8.248321085327555216e-03 2.644859990760938320e-02 4.662410749166677124e-03 8.922992805827239388e-03 1.021778618766813924e-02 2.829298139566334760e-02 8.509839036790950439e-03 7.303628544278419066e-02 2.045865240332890925e-02 2.045865240332890925e-02
1.954182766285830486e-01 1.206497227577750658e-01 1.323564139073982737e-01 1.570162183783704313e-01 1.113530360013067488e-01 1.110633968482906131e-01 1.141830964862119435e-01 7.875064427709550785e-02 1.769256550388583760e-01 1.092525575340941996e-01 2.032823375560008014e-02 2.032823375560008014e-02
1.442637159043667350e-01 3.810063491057885665e-02 7.436904301230948255e-02 4.485794963326851514e-02 1.023715120389723510e-01 6.311402040521379986e-02 9.451005472156664977e-02 8.010154053157846066e-02 8.227920044388735421e-02 1.176877338179156685e-01 1.522574136819073234e-02 1.522574136819073234e-02
4.098156710327780471e-03 5.069224859420385504e-02 3.068880273034309096e-03 2.521478327373745387e-02 2.229941968429135970e-03 1.689484984261159853e-02 3.351315683485514389e-03 2.604441646573058336e-02 3.367961031205654425e-03 4.789435342421546893e-02 3.789530606905839455e-02 3.789530606905839455e-02
4.574533911752400317e-01 4.444140502808642812e-01 3.012988182186199793e-01 3.657343312993840967e-01 3.108041615468321028e-01 2.680057990650299704e-01 2.706831689981297195e-01 3.022855971971539213e-01 4.480655478073079512e-01 4.902202426433232563e-01 1.426305930656215568e-02 1.426305930656215568e-02
6.714346862679775041e-02 9.417898350309270028e-02 5.557527141389811964e-02 3.413828689304253261e-02 5.107144807590698055e-02 2.726407122360195029e-02 3.589109827595156343e-02 2.215365989841627803e-02 7.871442601874069356e-02 1.492947907026678095e-02 3.162567164880529524e-02 3.162567164880529524e-02
7.837038819893728595e-03 7.803379633525639458e-02 6.854844191475349159e-03 4.470910758061245882e-02 6.165539555007331154e-03 3.587984803781764376e-02 9.330242417518109371e-03 4.683996080280659197e-02 6.683659275443497652e-03 8.499882621918793124e-02 8.290559821165829207e-03 8.290559821165829207e-03
8.721540399711724678e-02 1.665607991956209039e-02 4.657810727102964371e-02 1.255126493292989601e-02 8.847688874635346867e-02 7.816408471906187427e-02 7.329023655086215616e-02 7.830963430499882083e-02 2.102598142067516607e-01 6.152488239962076305e-02 3.374393234810540987e-02 3.374393234810540987e-02
1.558501050886845485e-01 2.972315682477029153e-01 7.782643089387053514e-02 1.451946546517094427e-01 1.139901199896749123e-01 1.374662945145376791e-01 4.409298191598032268e-02 8.597311062171560103e-02 3.554889293058369204e-02 2.516053165699674854e-01 1.837869128305425273e-02 1.837869128305425273e-02
1.642577120182771300e-01 1.886172813109450799e-02 4.916391078722082142e-02 2.245949892452468732e-02 9.177995453059367703e-02 7.405419203610516532e-02 9.890030182971573658e-02 7.031812969749227926e-02 1.493818852302368771e-01 7.789738578897406618e-02 2.182668914281067282e-02 2.182668914281067282e-02
7.939497384786589965e-03 8.349291804307309994e-02 4.502562738372466351e-03 4.704596303864141266e-02 6.178810006632505167e-03 1.948506196022059545e-02 4.147675544314744292e-03 4.394939476058030980e-02 7.160363981591561823e-03 1.089953908106883612e-01 9.786540892816905299e-03 9.786540892816905299e-03
2.275888107948286776e-01 2.036293005000753276e-01 2.352995009871561849e-01 1.788070613004879295e-01 2.431489518070653055e-01 1.998643373447686888e-01 2.523745540050192360e-01 2.448302432088549085e-01 4.442978110565941607e-01 4.142456989071724993e-01 2.426256248255225997e-02 2.426256248255225997e-02
1.007755032448012372e-01 2.165167765747107176e-02 3.779243939996947133e-02 1.211933425335011937e-02 2.663777453364190792e-02 1.261216307807119796e-02 4.867396977339369379e-02 2.871741041696929120e-02 7.260851655692211748e-02 2.199740181033329328e-02 3.817901499777107133e-02 3.817901499777107133e-02
8.574925219332649173e-02 1.634238277213088120e-01 1.470810443501300302e-01 6.881913323382526926e-02 1.076306457058571753e-01 8.316270807841771862e-02 1.027717604429329024e-01 5.045085747676469889e-02 1.484426807387909109e-01 3.214617758743725656e-02 1.159891831816355946e-02 1.159891831816355946e-02
2.847775930236733921e-01 3.327415758537785040e-01 2.614279800199720283e-01 3.755333951140528703e-01 2.405043284164710415e-01 3.887916100263762997e-01 2.672887714256351188e-01 3.772926352017444418e-01 4.073175780512006683e-01 3.751364425168244310e-01 1.302108633030486058e-03 1.302108633030486058e-03
2.377650413938168228e-01 2.556513320870781314e-01 1.081075629417008188e-01 6.925760836133300347e-02 8.240454577318899465e-02 1.101576012972433904e-01 1.055250629826833125e-01 1.006511466088419737e-01 2.022537591313027794e-01 1.824875238246721210e-01 1.844973710564536476e-02 1.844973710564536476e-02
4.695607557069352012e-02 2.777145285329650215e-01 5.674558905583476642e-02 1.594301107913408677e-01 1.055676225906891086e-01 2.305346825278885570e-01 1.483041648443669536e-01 2.066385877047746400e-01 1.625409507983520407e-01 2.947900009520526554e-01 1.584162666203825509e-02 1.584162666203825509e-02
1.690321894118986534e-01 1.865326184926475728e-01 1.636660170840981976e-01 1.217169671706033046e-01 2.025601545325618758e-01 1.073067180153690625e-01 1.462117355285823261e-01 1.201002331105861382e-01 1.675793245842233659e-01 1.788268735261121789e-01 9.699941955249943501e-03 9.699941955249943501e-03
4.495061566175834883e-02 6.095984128795489676e-02 5.954398144780950058e-02 4.817494730507944356e-02 5.392248221305337430e-02 6.799689358458371746e-02 2.900161198081898165e-02 6.381677993810605520e-02 1.187956600522387801e-02 1.197390449528836220e-01 2.499886396637378272e-02 2.499886396637378272e-02
4.996250677681209063e-02 1.320964538248627640e-01 2.834653639619447857e-02 6.479643938039525430e-02 3.690917458973658888e-02 4.487951567529901292e-02 4.791972762939512159e-02 6.440451623000911785e-02 7.153356467480445624e-02 1.298585875067504170e-01 1.304082096298247832e-02 1.304082096298247832e-02
2.084221421169428490e-01 1.501605460314688889e-01 1.769163596977261221e-01 1.835456188551596868e-01 1.654290150339384480e-01 1.716564869211654465e-01 1.142784271562488491e-01 8.557427838061412717e-02 1.995911701142516204e-01 8.765867600967024165e-02 1.584499639213522021e-02 1.584499639213522021e-02
1.929832844563647218e-02 1.721212335680558370e-01 4.202860557342119607e-02 7.059506815373658983e-02 5.889478182052832606e-02 1.369027332963546895e-01 8.796227860955793676e-02 8.165977787892382544e-02 5.123801045174152663e-02 1.651709599271366236e-01 2.395624649583810023e-02 2.395624649583810023e-02
2.634324163179619857e-02 4.624522959584866783e-02 1.804555927805022789e-02 2.311789576835083029e-02 1.286449011402268118e-02 1.315703573940794034e-02 1.980867057076403370e-02 3.042556413498434878e-02 2.620178638590410503e-02 5.591609598212526205e-02 2.204250065359846314e-02 2.204250065359846314e-02
3.322261490192231909e-02 1.199843107134707515e-01 4.346136308382089752e-02 6.673677845208167425e-02 9.649569671630277290e-02 9.797099444182418015e-02 1.127944799837368867e-01 9.528652481498144089e-02 7.219253582670483171e-02 1.744559278992566242e-01 1.682153796128115636e-02 1.682153796128115636e-02
1.635117257376075481e-02 6.155263334543658454e-02 1.596020902104507838e-02 4.129360198003956955e-02 1.039542903943563648e-02 1.959471375886813818e-02 1.375885651524619974e-02 4.413633463851068806e-02 1.365000213602323223e-02 9.745955927083536918e-02 2.484565349784759181e-02 2.484565349784759181e-02
1.604706703628264175e-01 1.255944230784302451e-01 1.245133684828591547e-01 1.125431410551872291e-01 9.089545175510341246e-02 8.556389717982477994e-02 1.447205454126264668e-01 1.077506922835718278e-01 1.492219321946370025e-01 6.211409485678458242e-02 2.736170988806875884e-02 2.736170988806875884e-02
2.723184204881092252e-01 1.395035981990892238e-01 1.253137608686444304e-01 8.434280684299734487e-02 1.517804390757629962e-01 1.015788239407571514e-01 1.378767524461746996e-01 1.034762363822663567e-01 2.304282069644683073e-01 7.454896277385576753e-02 2.491856341646263642e-02 2.491856341646263642e-02
7.504924699162759949e-02 1.312944687744158241e-02 3.103359504195232071e-02 5.921376727426788840e-03 2.300751941192614308e-02 1.072265143516929614e-02 3.695430059640195802e-02 1.870450408530363942e-02 5.243238785457601109e-02 1.617691176842271303e-02 3.548164288076480904e-02 3.548164288076480904e-02
1.305037367891586919e-01 1.543328849228459143e-01 1.458883124527669550e-01 7.788739731637836505e-02 1.174334776457770652e-01 8.729923267874399595e-02 1.488484069435264123e-01 5.140824193226803396e-02 1.888056484073087626e-01 6.840281571874588795e-02 3.273354840472194466e-02 3.273354840472194466e-02
1.576484464364133753e-01 5.271471705425527510e-02 8.702328987812833760e-02 3.543270538807558045e-02 5.273410192823441839e-02 2.344933162988305925e-02 7.994867946063392850e-02 3.709889208341907163e-02 1.894916624455114385e-01 4.955342456681318536e-02 2.444116408047091946e-02 2.444116408047091946e-02
1.735596432497130970e-01 2.841973087612219007e-01 2.686052072046079542e-01 3.087572572415286376e-01 3.383797473392191058e-01 2.829377182240828126e-01 2.997273211422451511e-01 3.486338940223878136e-01 4.317465634038753497e-01 4.181567405338689203e-01 9.294721751388646327e-03 9.294721751388646327e-03
1.346045030292042644e-01 2.035170308960216889e-01 1.402334303138941252e-01 9.386872254257495884e-02 1.884715019136532776e-01 1.694592276248445550e-01 2.253421558186069762e-01 1.029666890986575961e-01 3.118299552229694682e-01 2.490708396199261820e-01 1.240099953396378053e-02 1.240099953396378053e-02
6.647256506675845722e-02 1.175175850949923273e-01 7.406647007744737721e-02 5.236045588643519627e-02 5.683569190583152853e-02 6.465515015836820201e-02 5.776846017680883905e-02 2.306973778011869522e-02 9.753322914062327598e-02 1.895194098797744683e-02 3.725216788734655310e-02 3.725216788734655310e-02
2.110344951790138479e-01 2.032491336111890701e-01 1.918463190866465107e-01 1.736834846213862193e-01 2.081173432599933426e-01 1.948677650564612229e-01 2.558984381257548013e-01 1.745018239689080375e-01 3.251123692778237206e-01 1.252380926115903570e-01 2.419377642723917476e-02 2.419377642723917476e-02
2.801521351399952620e-01 2.141164452512044625e-01 2.195440725555975192e-01 1.399566284813682226e-01 2.615967163640329218e-01 1.341600730374511719e-01 1.898270163742920014e-01 1.035561154112933369e-01 2.434891904220577163e-01 1.293238426726459056e-01 1.363474135190828086e-02 1.363474135190828086e-02
7.821196879652894673e-02 2.560908946188150594e-03 3.539028375336876475e-02 1.730579461248775170e-03 1.840932271592504027e-02 1.744779616101189501e-03 3.330446783890941148e-02 1.386748099119762675e-03 7.707084525599980362e-02 2.395009604651437019e-03 1.184099152456670467e-02 1.184099152456670467e-02
1.507099123150511255e-01 5.446159039126990953e-01 2.385228832909997987e-01 2.177316219289422150e-01 1.591400435999625051e-01 2.250358319641315719e-01 2.510338160536642604e-01 2.770062314354644895e-01 9.640923610740713412e-02 3.140457015561008980e-01 1.853866504090029635e-02 1.853866504090029635e-02
1.319413794071882529e-01 1.679218611232987865e-02 5.241735794792869857e-02 1.226195138768467439e-02 2.077108225219742935e-02 7.523962013855145688e-03 9.442208729613883744e-02 4.165541077001150977e-02 1.351955548937638918e-01 6.753845172061179181e-02 4.124111786246265066e-02 4.124111786246265066e-02
1.387899278129652303e-01 2.937913785534700117e-02 9.836330435095938518e-02 3.014308757774798384e-02 5.325707466663989753e-02 8.663563091712604691e-02 9.665048937145905017e-02 7.536486052747988496e-02 9.617752356129821711e-02 1.936073939653923381e-01 2.298668158209638684e-02 2.298668158209638684e-02
1.539932290231261353e-02 6.346192542413629789e-02 1.367453879963019710e-02 4.670888706347466057e-02 1.040193656291053814e-02 3.149523572847932190e-02 1.968340619847636086e-02 5.958952277216717636e-02 1.369035517007749503e-02 1.185492993761403380e-01 1.341261596549894915e-02 1.341261596549894915e-02
3.324568142683502203e-01 4.546023940395654134e-02 1.222411830508590008e-01 4.296392053566882446e-02 1.641908216982991275e-01 1.213059559465038545e-01 2.184527767052845404e-01 8.352469920855952468e-02 3.515579873916439002e-01 2.660581471594036240e-01 3.056873781768948764e-02 3.056873781768948764e-02
5.316765078089174396e-02 5.527905438326510996e-03 2.518210392358488994e-02 2.630532053245654943e-03 2.157233580200015183e-02 3.386792432586077217e-03 3.310014154384696705e-02 6.168248156919282563e-03 6.953000055564180493e-02 4.899326551337481600e-03 1.140292936935078001e-02 1.140292936935078001e-02
2.240314560439097546e-01 1.610207804866836123e-01 1.249980242132339575e-01 6.749675555071443789e-02 5.287534284860767597e-02 4.269229817345989580e-02 6.717167984986228968e-02 2.699544929519779798e-02 1.474069122566651902e-01 2.119253709207087610e-02 3.421550157891146970e-02 3.421550157891146970e-02
2.196400053448529510e-01 5.719777385948000142e-02 1.680197018952325205e-01 1.312353469803303752e-01 1.840307831619932832e-01 1.222969288394320231e-01 1.931620706174961011e-01 2.077555405834480562e-01 2.474681198258559811e-01 2.089124546577455221e-01 2.057176442431955798e-02 2.057176442431955798e-02
2.204845584406532055e-01 5.827704166400991120e-02 1.675508942753076991e-01 1.559836772347143463e-01 1.865285045921262486e-01 9.317399459714371945e-02 2.237395116763814806e-01 1.743872803202906607e-01 1.567685384457616071e-01 3.313045794037943192e-01 1.843937651002755876e-02 1.843937651002755876e-02
2.022206387704732211e-01 1.550339663442142080e-01 1.269668851349425864e-01 1.064752133049948341e-01 1.582713388525303355e-01 1.155156269659083773e-01 2.405485997853125946e-01 1.698291828239182344e-01 2.083219609695269037e-01 2.982234858820155265e-01 1.805530679275947278e-02 1.805530679275947278e-02
1.331552591443075362e-01 3.400207040458244623e-02 5.481298645316785845e-02 1.799055253270803040e-02 3.490223166740138994e-02 2.677008077189450483e-02 7.338532095601260630e-02 5.076936860530354562e-02 1.014115815050316977e-01 5.075760677197586196e-02 1.462985970225246651e-02 1.462985970225246651e-02
7.620753676523935038e-02 8.253403215957177963e-02 7.599014587638214246e-02 7.487010910769927030e-02 3.709425863230599724e-02 9.349273742616082128e-02 8.346789538577817358e-02 7.158393880913947738e-02 3.568774085547776059e-02 1.641000207223518026e-01 1.875110182002518236e-02 1.875110182002518236e-02
5.383812129212548619e-02 3.867278188751606394e-02 2.730053055885004257e-02 1.973060174527959884e-02 1.978344889303374626e-02 1.892332514024760298e-02 3.248879580043383813e-02 3.952616085738860224e-02 6.966885478063968018e-02 5.497128018883197520e-02 2.022207299098476019e-02 2.022207299098476019e-02
2.193519841265554465e-02 7.687735520397548372e-02 2.616498442309203240e-02 5.365414327007442252e-02 1.946925591244134945e-02 3.301785488678430497e-02 2.440177859409772831e-02 6.404156927941229149e-02 1.726755501857929823e-02 1.302520666170285668e-01 2.938617688611208298e-02 2.938617688611208298e-02
1.041065489551675632e-01 5.681557924470706858e-03 3.914367912296542323e-02 6.408655716310025265e-03 3.594292397609280543e-02 5.415573270131039847e-03 3.954250643515998948e-02 5.280295103044305681e-03 6.110808140189842586e-02 4.909301101569040968e-03 1.688832012939948599e-02 1.688832012939948599e-02
9.797181824515194259e-03 1.110104575791280301e-01 1.217311112850236188e-02 5.309006202815504116e-02 5.355652596101499047e-02 3.842332168025560518e-02 2.944308481582679285e-02 9.521919369311865333e-02 1.304728815051980628e-01 1.786152078022134326e-01 2.836213234685199328e-02 2.836213234685199328e-02
1.888788205977607049e-01 9.490598526977354898e-02 2.070023418693670569e-01 2.370296845098716909e-01 1.641600360866793673e-01 1.863219690209206858e-01 1.892791003454498688e-01 1.506340454375446336e-01 2.405221121373559978e-01 2.094655405679040905e-01 2.981776606738811841e-02 2.981776606738811841e-02
3.488384389864323532e-01 1.629470797855288033e-01 1.991768749137817762e-01 1.640473352578244448e-01 2.864629813124746627e-01 1.532205713810974868e-01 1.330138536121774351e-01 1.936214734464947185e-01 3.453099943157859064e-01 2.346182772270193895e-01 1.243466803845694538e-02 1.243466803845694538e-02
5.616284768753796591e-02 1.519264951303343214e-01 1.924307065568482134e-01 1.692179289046101542e-01 9.584282833894056108e-02 1.539022998263538111e-01 1.710621799536188037e-01 1.369370300565358467e-01 1.970360847910485602e-01 1.765371299441721997e-01 1.530502126686291570e-02 1.530502126686291570e-02
1.219580934051377186e-01 7.279315525143528753e-02 7.171038255932378480e-02 1.034162640352662837e-01 6.877030651555610108e-02 1.097859367313121781e-01 5.154653720350854673e-02 9.017679650795953905e-02 4.026974059163036801e-02 2.066289101086580260e-01 1.412990921854125927e-02 1.412990921854125927e-02
1.386194196961235137e-02 9.381611948098603215e-02 4.340478814734841269e-03 3.908781584693113431e-02 7.267578441523047522e-03 3.109008419409643037e-02 1.867966053325898282e-02 6.360010102513724561e-02 1.356692173029858638e-02 8.873933863798243171e-02 9.454042388636270042e-03 9.454042388636270042e-03
2.224348246096937154e-01 7.412753876325750557e-02 1.861247274483741609e-01 1.265031420997006495e-01 1.522232490812114314e-01 1.454639248128293816e-01 1.223647133777001073e-01 9.787374328309531024e-02 2.163776746138916240e-01 5.820093016487818544e-02 2.402866777669411535e-02 2.402866777669411535e-02
1.142668763754962624e-01 9.343739429014863429e-02 1.299892499130055612e-01 1.085790297415862443e-01 9.836157120879880644e-02 1.105338576071033113e-01 9.020817593105061316e-02 1.156657567343315068e-01 6.389357362804641560e-02 2.361026534962909762e-01 1.238520842549670729e-02 1.238520842549670729e-02
1.143535219203867664e-01 4.113734473030758454e-02 6.528572253559916660e-02 4.027633921445295667e-02 5.801327384162685563e-02 1.624281983343601674e-02 5.047815065543806434e-02 2.411787591273756998e-02 1.172250004112704441e-01 2.750225591723839610e-02 2.844855545098022923e-02 2.844855545098022923e-02
7.129916193881775943e-02 8.710797132587563482e-03 3.538499256195537512e-02 4.058825109903104258e-03 2.032483605643602836e-02 3.906793525239914480e-03 4.610363513740558389e-02 1.101111964867727833e-02 1.048201896962246554e-01 9.781820468096178237e-03 3.262222294264417732e-02 3.262222294264417732e-02
1.478018220276904604e-01 4.930868838345058708e-02 1.345617325287692123e-01 7.873502741096559399e-02 7.852022853085040277e-02 8.845894853528919743e-02 1.024486705354372001e-01 8.472925371459109900e-02 3.561869454495008441e-02 1.653768946804131668e-01 1.509821747228082094e-02 1.509821747228082094e-02
8.210843919112086053e-02 1.743614870303891035e-02 3.349017380450121373e-02 1.401179198071593468e-02 2.009869423946212402e-02 1.589809363854174928e-02 3.647403093258295981e-02 3.062250137971436401e-02 5.859873244616678467e-02 2.086679446088333598e-02 2.132177972521370757e-02 2.132177972521370757e-02
2.454362534086686476e-01 2.051151710821027263e-01 1.522252114255221445e-01 8.771578308569427662e-02 1.836804309314732375e-01 8.996881408010290460e-02 5.378723027507197052e-02 9.280453980488036214e-02 4.557362599881446125e-02 1.489992867322068593e-01 1.580998669166509872e-03 1.580998669166509872e-03
2.515875457646843949e-01 5.482626137304463798e-02 1.462974480847436809e-01 1.553566869593660804e-01 1.168094227445161393e-01 1.846820623740661194e-01 2.655541059801084791e-01 1.994432623198349741e-01 1.494315809423879260e-01 3.074145019327836903e-01 2.139865410651037997e-02 2.139865410651037997e-02
2.645493324194120865e-01 2.109439256195570767e-01 1.537841864568677552e-01 1.212471846536322811e-01 1.341889027376303445e-01 1.031267790402849716e-01 1.824997039461812853e-01 1.265421273657741374e-01 1.044066110754048871e-01 1.706636930671859564e-01 2.136007868895093559e-02 2.136007868895093559e-02
1.661879918015626012e-01 3.890335878770000144e-02 1.177844573043817927e-01 4.247856970854321790e-02 7.716647136101240090e-02 2.796689394414672916e-02 9.928595789254227033e-02 3.313459941332051045e-02 1.747619057569576306e-01 3.059826985808137070e-02 2.788885121106432843e-02 2.788885121106432843e-02
2.532322343521776348e-02 1.223416380465197212e-01 2.036887959100121964e-02 5.699671070929648864e-02 2.583726972911072270e-02 2.682303381025794367e-02 4.556030442297168137e-02 7.165114129449819125e-02 3.715344643421887583e-02 1.145427265755771251e-01 1.709785973405090684e-02 1.709785973405090684e-02
2.143496744363662387e-01 3.348127882382208043e-01 2.563547426097806947e-01 2.649738342510732925e-01 2.418963347313303480e-01 2.715940266233994316e-01 3.034822408221737877e-01 3.349869730237509668e-01 4.398900434013750527e-01 4.519593772588536007e-01 1.008777831692929568e-02 1.008777831692929568e-02
1.840117559653703383e-01 1.786821244452315161e-01 2.656468280548102689e-01 2.317879068321306302e-01 2.452190772402652874e-01 2.915610314291429139e-01 2.764326966961118681e-01 3.515095513276714767e-01 2.674678338586172210e-01 3.671026873445476513e-01 1.973199586152779572e-02 1.973199586152779572e-02
1.715022685441205674e-01 1.048708334432937594e-01 2.081221522970241600e-01 1.470602418452483240e-01 2.380240164123955393e-01 1.874749149309053453e-01 1.483488143274298565e-01 1.084877982665919394e-01 3.125054539795888986e-01 2.899396453072689561e-01 1.622652605175412682e-02 1.622652605175412682e-02
2.858828912255828580e-01 2.361162302631618359e-01 1.630937862246510106e-01 1.546093817574009655e-01 2.376609551023661504e-01 1.832635012776687444e-01 2.923722135834131430e-01 1.830389535159477610e-01 4.650035138697938830e-01 3.413795152607103645e-01 2.054675749243369334e-02 2.054675749243369334e-02
8.864466543156653000e-03 4.343741925977623319e-02 9.111098927208077444e-03 2.977967875733309247e-02 6.779229310101255769e-03 2.073920860643917521e-02 7.937392175235136876e-03 3.254960503551308088e-02 6.433691686125334562e-03 5.996341101316376293e-02 2.184782814757291192e-02 2.184782814757291192e-02
9.986181034898129749e-02 2.574405388836092934e-02 5.187693120137989305e-02 1.952027796029271942e-02 2.708288690503717761e-02 1.523608558102248350e-02 4.338240935202933302e-02 8.498754280831240931e-03 1.085078389921891873e-01 2.201453050721745297e-02 1.248128769780670888e-02 1.248128769780670888e-02
4.353271457804053779e-01 1.020204548400186484e-01 2.490749695781838691e-01 1.470649864927514316e-01 3.060756573741042486e-01 9.774336474098441196e-02 2.719949983407664029e-01 1.480856828088894517e-01 2.566940637724048346e-01 6.738692991779404728e-02 1.086870980332707050e-02 1.086870980332707050e-02
1.904252362670225823e-02 8.661596588254860674e-02 1.321778701178487336e-02 3.512013648609318278e-02 1.498597980463361491e-02 2.577221591070567863e-02 2.697064908261705835e-02 4.065255514272644172e-02 1.775283531956816860e-02 6.251801753229249692e-02 1.773115670882772707e-02 1.773115670882772707e-02
9.350916462246577909e-02 1.603795897644590407e-01 2.189634474319050728e-01 1.702040813474035297e-01 1.606544290353104920e-01 1.614417969549011289e-01 1.675516897663850147e-01 1.923411598409654200e-01 2.174584760733262456e-01 1.395282291535363817e-01 1.849872314373162199e-02 1.849872314373162199e-02
1.682194830813047437e-01 1.952537212780142695e-01 1.188829740996181078e-01 2.004330871576568418e-01 1.708768694007695987e-01 1.534611159096088695e-01 1.490541772071164173e-01 1.745053119762303984e-01 1.871856859548038932e-01 3.492519127787345745e-01 2.685091483107022656e-02 2.685091483107022656e-02
1.588644493008665726e-01 7.749747142054178028e-02 1.195509466130851017e-01 1.452322258913174013e-01 1.433120155105087890e-01 1.026107143761407076e-01 1.280759110548894686e-01 1.360323359749824601e-01 2.105089641201027539e-01 1.804806654545378641e-01 1.912087098566147073e-02 1.912087098566147073e-02
8.686899065425104233e-03 6.255728693578493926e-02 4.778974185814265953e-03 2.868951377403894040e-02 5.374804658396338704e-03 2.135219666820081102e-02 9.701181413953421581e-03 3.162507080319555686e-02 6.345323924986650578e-03 7.015158278735700303e-02 2.052627585600082585e-02 2.052627585600082585e-02
1.932349421703911246e-02 1.834116745374012036e-01 2.135516171319993065e-02 7.283207064926575103e-02 1.180851281830033392e-02 5.173504371089511500e-02 1.460725843601431116e-02 7.789911469510010789e-02 1.602195337817798049e-02 1.048069760099450132e-01 3.266519513942573588e-02 3.266519513942573588e-02
3.372166546535951825e-01 1.973009398838193040e-01 2.562925600919515046e-01 1.575413423813474822e-01 2.163026168226577506e-01 1.661630417406831928e-01 1.883976343218020655e-01 1.764358176570154924e-01 3.269830575939045025e-01 2.122073256577917122e-01 1.099746379579358627e-02 1.099746379579358627e-02
1.324724448028644919e-01 2.786284472971906762e-02 5.985730207261606706e-02 2.249637371548456055e-02 4.730345825329315690e-02 5.217827188837099311e-02 1.137360227527120515e-01 4.572541235830197143e-02 2.533058659722786099e-01 1.451002471210975919e-01 2.805913139955531696e-02 2.805913139955531696e-02
6.874149315988409281e-02 1.457856420801464659e-01 1.473874100333346926e-01 7.309346671132094242e-02 9.071523265947367687e-02 5.997391656401644677e-02 1.179319916223022929e-01 4.537490418454596941e-02 1.853408840941077051e-01 4.929323430440555459e-02 1.542928046643268249e-02 1.542928046643268249e-02
6.755631163468656109e-02 1.419858777235072887e-02 3.709177229940095744e-02 1.212498322360409074e-02 1.461184967249125333e-02 7.781154745593545433e-03 3.396226035339319771e-02 9.541601418404620227e-03 7.661072338390358116e-02 1.177617860196452336e-02 2.969321947988916299e-02 2.969321947988916299e-02
2.266563429975989585e-01 1.225281220272001204e-01 2.098289527495282025e-01 1.252384765582702231e-01 2.213912494348555526e-01 1.775119431714986540e-01 1.745771302912320633e-01 1.888927761678499406e-01 3.858864510616830668e-01 2.472226832652798245e-01 2.060399956464300034e-02 2.060399956464300034e-02
2.633911605841626757e-01 2.066791964917917279e-01 1.992645114034087284e-01 1.968681357952196120e-01 2.304255573880339691e-01 2.777780841188255967e-01 3.300056938030944687e-01 2.481454839057266604e-01 4.934422032769749111e-01 3.922737555647687335e-01 2.204749419055480886e-02 2.204749419055480886e-02
1.935628450511020504e-01 7.562008127496569476e-02 1.509619846642825947e-01 2.486856494084877800e-01 1.272328551339378389e-01 2.698306779152688795e-01 1.393963571747997010e-01 1.671483926474106874e-01 2.248284176107274435e-01 8.471735543001120139e-02 1.712080721499955466e-02 1.712080721499955466e-02
2.963773762404559031e-01 3.813086622415081117e-01 1.595521851522007650e-01 1.783744108492617830e-01 1.838810294673727808e-01 2.164467877914146576e-01 1.156401450111621265e-01 2.074639442354789254e-01 2.493950236549218602e-01 3.022151686068658694e-01 1.568496145257275778e-02 1.568496145257275778e-02
9.475950730618094842e-02 9.610617671234248857e-03 3.530286448802155697e-02 7.137640774846695270e-03 2.940037411961427677e-02 5.180462240861421347e-03 4.012053635806489549e-02 8.132870193554821853e-03 7.759465317052705036e-02 8.740768339736002673e-03 3.120050884138763150e-02 3.120050884138763150e-02
1.615207387482052170e-01 7.850081307089125382e-02 1.071685556252940652e-01 9.168863752490759300e-02 1.215255908434342280e-01 1.252460906865109080e-01 1.607922178053812490e-01 1.234829937359755020e-01 1.689101098792847311e-01 7.814939725955524774e-02 2.303662316790901915e-02 2.303662316790901915e-02
2.003862656380311358e-01 3.972703545825977817e-02 1.236742629815585220e-01 3.486902847300425018e-02 1.465704035127217975e-01 6.380120642102204975e-02 9.417110850545380718e-02 7.876165406309848516e-02 9.477848491379757545e-02 4.431631025379811212e-02 2.049916639279332486e-02 2.049916639279332486e-02
1.947683817702953457e-01 2.662120821935629600e-01 7.757529953365573105e-02 1.748922116257747017e-01 6.922195886673472576e-02 1.003875399599857277e-01 6.362323679481905747e-02 1.400083111402666836e-01 4.788855204908029628e-02 2.228008264098723934e-01 2.657638573674918347e-02 2.657638573674918347e-02
1.518971120073364378e-01 1.396951308933993413e-02 5.543106919002799976e-02 1.214967864251861006e-02 2.250789961410792558e-02 5.889470999681723634e-03 5.501386714407775075e-02 1.063028898421130262e-02 8.689930106715630653e-02 1.068673034290348531e-02 3.218028210668439498e-02 3.218028210668439498e-02
1.598842916129654124e-01 2.343601899786456333e-01 7.456762611355124970e-02 1.367986991126007579e-01 1.139594383545509265e-01 1.390137869263995130e-01 1.282246948946300924e-01 1.441092480505624107e-01 2.815242590737880857e-01 1.785923933779531569e-01 1.753547303787710704e-02 1.753547303787710704e-02
2.193891831459496289e-01 5.769698369120140197e-02 1.631169498526625627e-01 7.710282173244266402e-02 1.158388597202629489e-01 6.883328023639313786e-02 1.525572410953423552e-01 7.552768931776442096e-02 7.163825106641499851e-02 1.495480428932850769e-01 1.085458882622350636e-02 1.085458882622350636e-02
1.427800212145192982e-01 1.730183301241580230e-03 6.142729634815657924e-02 1.239498862591431562e-03 1.479539686399130877e-03 1.099695668378109729e-03 6.139033688826476404e-02 1.179963694207806710e-03 1.426978200124950913e-01 1.745366080215360761e-03 7.050126672345012439e-03 7.050126672345012439e-03
1.535248027913286017e-01 1.844720730892315252e-01 9.382190200516653256e-02 1.567106558110283876e-01 1.554130475617119256e-01 1.615146538976648394e-01 1.497825080241491635e-01 1.943631406236732695e-01 1.480194152753834813e-01 2.437870015301171756e-01 1.506800426486879646e-02 1.506800426486879646e-02
1.026865448913773238e-01 2.639939555757078726e-01 1.086135276405677669e-01 1.394300095095727388e-01 8.427641539779628932e-02 1.894406561841717185e-01 1.308611018731288544e-01 1.867450070889790092e-01 2.295308742092205812e-01 3.581542550314031903e-01 2.349263923772335755e-02 2.349263923772335755e-02
2.354439023373149364e-01 2.972368380800326504e-01 1.803994543617788437e-01 2.040787529786723953e-01 2.238493079009971909e-01 1.361938961020907335e-01 1.540974176658295725e-01 1.427512438250461702e-01 1.657034244388940480e-01 8.923890268605699783e-02 1.964003651277563406e-02 1.964003651277563406e-02
7.074410788428464603e-02 9.773147003629828466e-02 6.181084829908935208e-02 6.973420469716619385e-02 4.934673764246585298e-02 6.371377365362691780e-02 3.405848643885012877e-02 8.610882073786915725e-02 4.105500076267697834e-02 1.464970267998818854e-01 1.950197411987316179e-02 1.950197411987316179e-02
1.646391673206930653e-02 1.522706582978979040e-01 1.355823087216181076e-02 7.558451570311054690e-02 6.492467495460156612e-02 8.104316515523256326e-02 5.334094178757538274e-02 1.079351654816185085e-01 6.365958391152416740e-02 2.202398986175133910e-01 1.948463530162855215e-02 1.948463530162855215e-02
6.292336663251536788e-02 8.907770881298635382e-03 2.666468869903857938e-02 8.560575958714098516e-03 1.208076263265135675e-02 5.250953410825685147e-03 2.708893813698740743e-02 9.181737779955808851e-03 6.975486047937126677e-02 7.593008991813059681e-03 2.024805622598272944e-02 2.024805622598272944e-02
1.596394516804736444e-02 1.119603223874878206e-01 1.143132895496322410e-02 5.553180078035187262e-02 1.051404924424483196e-02 2.722464783359370560e-02 3.673494088812879338e-02 8.173585224605192656e-02 5.499889676164202573e-02 1.674721102570825570e-01 2.823933313920685279e-02 2.823933313920685279e-02
4.966681277878997464e-02 1.228263796869400043e-01 7.999305214599383707e-02 8.299795687462378779e-02 8.557308660822844637e-02 5.683268615820508823e-02 7.249566228140574831e-02 1.116999656935573071e-01 1.895819009159369350e-01 1.853807662444535986e-01 2.134769205036937678e-02 2.134769205036937678e-02
4.110333810708511892e-01 1.080047876391158623e-01 2.699725786244216441e-01 8.672041081299164400e-02 2.641764043006369356e-01 8.092239896932860999e-02 2.525676496217185152e-01 5.653542450350648035e-02 3.095606361666919382e-01 5.538741215866752055e-02 2.056802080439171926e-02 2.056802080439171926e-02
9.344055051361015163e-02 1.232933938627031045e-01 1.041991166841424038e-01 4.010136406068254278e-02 1.210791235707943947e-01 6.792133338705938495e-02 6.167182051541203469e-02 7.445774335992905169e-02 7.911791160867155670e-02 8.499810345422055546e-02 1.576843066943716884e-02 1.576843066943716884e-02
4.097541504807548918e-02 5.925178426302054463e-02 1.834557674814593642e-02 2.423758248955971972e-02 1.459758657722850378e-02 1.550386933290424582e-02 2.856686367695763715e-02 3.236030522415602600e-02 3.312521590900965873e-02 5.130616850725053246e-02 1.810162929308951896e-02 1.810162929308951896e-02
2.555400543443595452e-03 8.973185202964029106e-02 1.670093088201991382e-03 4.344293582896392725e-02 1.910422023494031101e-03 2.123196858844912660e-02 1.519643479645787490e-03 4.207655860446527646e-02 2.466968079399890681e-03 9.196306463206205262e-02 8.608913642791864163e-03 8.608913642791864163e-03
1.344897452337507626e-01 1.396307410661035316e-02 7.169514165039488074e-02 5.386426573361322717e-02 9.203486979746756946e-02 5.693337311193465838e-02 7.774183599215125917e-02 8.971107061508523661e-02 1.644428696956007629e-01 5.089969338508229524e-02 2.383323431051331473e-02 2.383323431051331473e-02
1.100175481983279857e-01 3.484819068162766098e-01 1.745421933578687745e-01 1.769046670184533376e-01 2.665857845843235818e-01 2.368618530673591571e-01 2.693834109326148085e-01 2.366118951466734399e-01 2.851817496922147144e-01 1.938101280734196019e-01 2.276518376979259212e-02 2.276518376979259212e-02
2.555525776143586225e-01 9.241006539933294128e-02 1.375544181054640103e-01 7.166010234604444640e-02 1.322820536689483240e-01 5.059285486466412463e-02 7.166339791322018371e-02 7.154330907101807968e-02 1.363646387453341935e-01 1.103006238910722442e-01 2.777836966245104608e-02 2.777836966245104608e-02
3.694568341270951795e-01 5.006281726963253131e-01 2.167349108428326676e-01 2.743057275098992887e-01 1.625970545365005848e-01 1.758567597534692328e-01 2.436363714383513734e-01 2.728906573697340021e-01 3.487223271284402570e-01 2.962681309609888625e-01 1.182406005632528380e-02 1.182406005632528380e-02
1.900955317532464772e-01 1.578844741558119158e-01 1.910600084170633040e-01 9.045332514280288172e-02 1.726988115389787304e-01 1.317857420055385254e-01 3.123769617053511194e-01 1.075939978869561026e-01 2.829797442848268618e-01 8.598503593709044823e-02 1.988685718718366871e-02 1.988685718718366871e-02
2.369706959433184601e-01 2.828578587174321313e-01 2.229769602985484100e-01 1.071590502526981181e-01 1.745129148279653541e-01 1.329433708334833708e-01 1.858726442152353053e-01 1.680869744668125332e-01 1.666347745902145017e-01 2.864356909069059598e-01 1.215198313566404412e-02 1.215198313566404412e-02
2.701756167793855634e-01 1.786654024409974895e-01 2.877862444579893375e-01 1.439622913560798523e-01 2.840311759387478263e-01 1.624418818200339398e-01 1.892094705996846538e-01 1.871901976181191418e-01 2.909858687180140180e-01 2.132987122076595299e-01 1.126679487583203201e-02 1.126679487583203201e-02
6.332484406455465842e-02 1.260601419764739196e-02 2.462113501187225897e-02 9.436415313373060221e-03 1.555137729438946237e-02 9.487243433394073472e-03 2.611884966187128995e-02 1.548553472899785212e-02 4.315944496819169168e-02 1.041823678673943661e-02 2.766375127692750555e-02 2.766375127692750555e-02
9.939152217333890177e-03 7.265537210989295169e-02 5.134887323021783238e-03 3.784108071571573584e-02 7.595034702572082616e-03 2.011268282335671592e-02 1.566479529276012042e-02 4.746144199449845585e-02 1.619797242909570140e-02 1.051748200221464674e-01 2.436740476530276436e-02 2.436740476530276436e-02
1.236228947453692772e-01 9.689281050156128838e-02 8.702114957287312991e-02 6.661390708527605009e-02 8.166176306695764608e-02 3.117458164108647192e-02 4.887829072764855037e-02 4.016114273231186083e-02 1.074975598250927505e-01 4.829351753843767053e-02 2.186185222669786640e-02 2.186185222669786640e-02
9.428131892151550564e-02 1.196912496931995876e-02 4.451822794436478825e-02 1.007296754444710930e-02 2.946352062758092125e-02 1.126109598251953843e-02 4.909257324436082370e-02 1.723187186632558349e-02 5.744645200928640699e-02 1.248780517946440627e-02 1.144516353127345877e-02 1.144516353127345877e-02
1.279669057471782556e-01 3.745618656855109058e-02 1.115126450627662580e-01 8.267465787156091928e-02 7.793436933232512909e-02 8.168125953460352029e-02 1.558626513154647564e-01 1.522837579002790653e-01 3.495294825956153373e-01 1.943925693167826985e-01 2.927861865501503458e-02 2.927861865501503458e-02
1.020977179995793821e-01 2.159247079767208644e-01 2.454005879605443696e-01 1.913204562309903101e-01 1.611237572579591881e-01 2.257399278390295472e-01 1.931962256390088450e-01 1.187371718469085874e-01 1.623444214078764714e-01 2.611821337948874167e-01 1.052202396238949636e-02 1.052202396238949636e-02
1.535214628388191851e-02 1.555596330417700901e-01 7.250310498510347847e-03 6.948441398712310035e-02 1.029809769616929320e-02 3.848530740896755759e-02 1.503460529654138816e-02 8.501297925137139833e-02 1.509165137748366692e-02 1.677405897624935360e-01 2.114915951300021593e-02 2.114915951300021593e-02
2.159286016692908428e-01 1.881648039423445551e-01 2.046129101450739340e-01 2.071202521772492755e-01 2.065818415948872111e-01 2.519289230720065387e-01 2.545803507178757141e-01 2.543255107838440221e-01 3.237431010760346006e-01 9.751545855115911765e-02 2.343464764759279478e-02 2.343464764759279478e-02
1.278116524050107172e-01 2.976942026538599295e-01 1.483165269865464875e-01 2.186813351045036602e-01 1.002200052829719662e-01 2.633774063699042545e-01 1.227090696591960350e-01 1.953724924475752078e-01 6.465528516783269897e-02 2.638160018792256034e-01 1.238923027444545008e-02 1.238923027444545008e-02
4.526507369564466629e-03 3.938750676712302057e-02 3.212275766646204966e-03 1.948189761121432370e-02 2.306761900230935424e-03 8.809929050877192414e-03 4.283308060383595253e-03 2.124714697433414956e-02 3.549346462475293836e-03 4.417125956516886748e-02 2.566257996418250253e-02 2.566257996418250253e-02
1.252561004502663056e-01 1.175692601709460265e-02 4.862048290490819658e-02 7.991647565568851461e-03 2.676310056610007107e-02 7.087519688773241157e-03 8.936846226177980190e-02 1.857017668790409554e-02 1.320761952061795530e-01 2.232960218817097581e-02 2.201845169848976047e-02 2.201845169848976047e-02
1.698917428539669094e-01 2.826734773836321601e-02 9.846929135431213564e-02 2.645897614890224334e-02 9.688325799278164896e-02 1.013816258413885590e-01 1.363430696690953459e-01 6.397722096666665081e-02 1.112477892724947626e-01 1.788889881790111658e-01 3.282667754485411871e-02 3.282667754485411871e-02
4.852139622687833692e-02 4.785568301093385060e-03 2.271187176472054189e-02 3.001736556619831030e-03 1.842323347063113195e-02 3.365827801439342463e-03 2.780411038849848332e-02 5.704358473568729888e-03 4.713841481223642743e-02 4.064127172573080669e-03 2.010683445550236551e-02 2.010683445550236551e-02
2.491971911036501564e-01 1.241031110398644610e-01 1.489387228613162917e-01 1.033272030679190240e-01 1.142392937323973706e-01 1.157380128381605283e-01 7.600360056753528715e-02 2.810659100650670511e-02 1.921527763369074993e-01 3.209354933336901194e-02 3.619605962517283976e-02 3.619605962517283976e-02
8.933582058627656530e-02 2.811797409074862086e-02 4.151499849779197865e-02 1.863563262959712710e-02 2.713682823711155781e-02 2.689544472877373332e-02 3.762484514353908044e-02 5.414049586238597889e-02 5.871006722502109670e-02 6.115967885930936182e-02 2.508248044883101477e-02 2.508248044883101477e-02
2.741428053474270418e-02 1.508857823667874576e-01 3.379203732265768922e-02 8.092035516828914588e-02 5.814530626993846818e-02 9.852954399297562949e-02 6.200853933127908890e-02 1.325077587553609437e-01 1.816007744046871097e-01 2.991170121187145536e-01 2.091779408960990280e-02 2.091779408960990280e-02
4.669759540726336339e-02 2.419039163362601552e-01 3.523418333007439368e-02 9.163710947617578761e-02 3.309168502470057754e-02 1.011447409144900361e-01 5.708615478457512715e-02 1.206789493440554306e-01 4.933275746299040088e-02 2.270362682865942061e-01 6.917140789850086818e-03 6.917140789850086818e-03
1.564720189010630202e-01 1.261516618689825509e-01 1.101144540145014561e-01 1.033678937972123679e-01 1.230245689127428127e-01 6.808175010718225950e-02 7.280813915053353791e-02 1.056379397306443230e-01 2.159613866902620471e-01 6.312692042812831361e-02 2.531146724415202914e-02 2.531146724415202914e-02
1.558456690115629373e-01 1.540439381934502749e-01 1.204615112231552237e-01 1.691893713363940843e-01 1.355622348067299088e-01 1.175350592002569750e-01 3.252483744700852830e-02 1.455345831017514080e-01 3.020334039965391626e-02 2.152368149384363549e-01 2.179407927389973021e-02 2.179407927389973021e-02
2.121053556567715770e-01 2.336122837646519013e-01 1.695650649102405372e-01 1.070446201062286579e-01 1.180147100826617612e-01 1.602164054099250168e-01 1.732750098357022928e-01 1.766785060178875100e-01 2.135061309095171445e-01 3.230890073685544484e-01 1.253725057604041827e-02 1.253725057604041827e-02
2.368055128202307957e-01 3.155500402082078715e-01 1.547891532184476893e-01 2.171428739991133339e-01 1.162183406181311884e-01 2.237893519154869615e-01 1.463677207825544446e-01 2.193519247265757199e-01 2.067291319023693286e-01 1.032226714172533449e-01 2.132141001473138522e-02 2.132141001473138522e-02
2.854825624053221045e-01 2.995338983544734712e-01 2.778189115433831180e-01 2.893818435553942581e-01 2.783014645532811970e-01 2.572726575527198301e-01 3.154067871395963008e-01 1.665578897816485382e-01 4.805897401604286578e-01 3.661318541627048284e-01 1.289577927302750469e-02 1.289577927302750469e-02
2.638727222312886034e-01 1.379954945744240880e-01 3.730058666760043273e-01 1.555788671221347563e-01 2.442171874230354700e-01 1.548520833218240966e-01 1.284168104766444107e-01 1.392452175445195450e-01 2.399660815777644174e-01 1.078012632481263749e-01 1.887158905334166900e-02 1.887158905334166900e-02
2.927251305507109352e-02 1.396530863559795332e-01 1.255019215680480520e-02 4.655802209056122964e-02 2.622765240150391058e-02 4.348785406059188507e-02 5.584702691764715371e-02 7.580301797565874855e-02 4.814091424572237293e-02 9.907207749936418339e-02 8.076606627975452951e-03 8.076606627975452951e-03
2.153804218648806001e-01 3.973800021443885805e-02 1.230389496372804869e-01 1.217583309073733272e-01 1.551316272228839277e-01 5.849112640425452314e-02 1.224127165114613919e-01 1.338963069280982021e-01 1.206994525250042610e-01 1.529338599643542962e-01 1.407749203409441700e-02 1.407749203409441700e-02
2.870166722809827306e-02 1.375303776721798765e-01 3.584101042711974189e-02 9.780377067342602149e-02 7.260883138301320316e-02 7.617019518254132537e-02 7.390001638807607021e-02 7.194564406158697467e-02 1.316184259216757468e-01 6.314310140473826383e-02 3.321087936966727466e-02 3.321087936966727466e-02
2.448153762699799285e-01 3.397131635468937372e-01 2.234887803559598152e-01 1.830775912589153731e-01 1.766776685876289554e-01 1.527067321328352267e-01 2.922269143938429070e-01 1.670313680676529244e-01 3.603845290239180987e-01 3.322198948961022635e-01 1.851215100071170253e-02 1.851215100071170253e-02
2.373543455686561165e-01 1.765778448584982285e-01 1.555876235401178753e-01 4.580488392620560983e-02 8.640693473345506526e-02 7.226133907839489556e-02 9.831673015639068314e-02 2.433961632840304576e-02 1.819287169278681060e-01 1.854917265260834849e-02 3.837783154151389736e-02 3.837783154151389736e-02
7.781752989719807612e-02 2.421524512352109526e-01 5.000801804920323307e-02 1.042482435654264322e-01 5.704146163587193313e-02 1.435703465933263479e-01 9.840083189621737225e-02 1.844213034876605872e-01 1.554323123362025272e-01 2.471006395117288090e-01 2.185476251384903257e-02 2.185476251384903257e-02
3.225819144657997573e-01 1.011540960437252862e-01 2.263131373680630498e-01 9.912012607526766994e-02 1.804148200962681636e-01 1.357516660163041178e-01 2.951310882061194962e-01 9.452135533321134875e-02 3.922321190423448400e-01 2.623328897871546883e-01 1.256510906991868161e-02 1.256510906991868161e-02
8.675344944121939073e-02 2.568022810907034936e-02 4.969311260571852851e-02 3.190051022298227151e-02 2.740127539578142077e-02 1.790590379170535137e-02 4.994159344126868766e-02 2.448233057597589551e-02 1.065948624028050934e-01 2.271689073719315721e-02 1.591660334233959209e-02 1.591660334233959209e-02
2.645073896955931203e-01 1.902809570673515693e-01 1.615437427050981645e-01 1.785398519782576410e-01 7.227927545713053181e-02 1.564065424034950802e-01 1.460548029814471016e-01 1.428415107616406166e-01 6.361801975482382632e-02 3.232370492297451658e-01 2.653793382336087567e-02 2.653793382336087567e-02
1.252984066235256766e-01 4.719324357395406067e-02 9.640088612706262938e-02 6.144933551772678582e-02 8.582906254632320653e-02 5.926321497179629777e-02 6.756196684830566290e-02 2.848155932465096241e-02 1.212683465017409534e-01 2.002667926150165228e-02 3.445590134333686994e-02 3.445590134333686994e-02
1.211622712593868889e-01 5.263736048119458527e-02 4.048758013156812663e-02 7.816097477156683238e-02 6.490515776479793830e-02 9.536458286817106611e-02 2.822839233212122781e-02 6.370078429935019382e-02 2.008087743162510069e-02 1.246430910804201542e-01 2.788143553249196674e-02 2.788143553249196674e-02
1.027300361801802703e-01 6.378814350889311369e-02 5.792969160998474171e-02 4.938737019544076068e-02 4.437938673995309863e-02 3.361271996886210783e-02 7.738731676203973453e-02 3.459006818005663786e-02 1.570124366760409507e-01 4.277259438648222528e-02 9.901067107752681284e-03 9.901067107752681284e-03
3.273657066412446470e-01 5.345795195950703294e-02 1.212615076384060964e-01 4.464288653111007227e-02 1.150818798565181461e-01 4.179945506642852859e-02 2.005928359067742917e-01 6.723060247587331340e-02 1.934244126047799106e-01 7.434720056331309279e-02 1.098653401528613613e-02 1.098653401528613613e-02
4.018713117314763328e-01 3.243259379477858029e-01 2.682568057097256542e-01 2.064957829288402713e-01 3.603341704575879212e-01 3.319553487033580774e-01 3.133159144251611017e-01 3.025719367910129076e-01 3.658145063431170185e-01 3.195855693432469447e-01 2.307908552920683726e-02 2.307908552920683726e-02
1.393844881546590642e-01 1.949481933712185755e-01 8.842705774495998594e-02 1.165730080914211264e-01 1.726975706684324430e-01 1.125149160288236860e-01 1.315379147696562889e-01 1.121019801190138721e-01 8.339591080630182063e-02 1.624227306861041886e-01 1.155291786916073926e-02 1.155291786916073926e-02
